(kicad_pcb (version 20171130) (host pcbnew 5.0.1+dfsg1-3~bpo9+1)

  (general
    (thickness 1.6)
    (drawings 20)
    (tracks 164)
    (zones 0)
    (modules 17)
    (nets 13)
  )

  (page A4)
  (layers
    (0 F.Cu signal)
    (31 B.Cu signal)
    (32 B.Adhes user)
    (33 F.Adhes user)
    (34 B.Paste user)
    (35 F.Paste user)
    (36 B.SilkS user)
    (37 F.SilkS user)
    (38 B.Mask user)
    (39 F.Mask user)
    (40 Dwgs.User user)
    (41 Cmts.User user)
    (42 Eco1.User user)
    (43 Eco2.User user)
    (44 Edge.Cuts user)
    (45 Margin user)
    (46 B.CrtYd user)
    (47 F.CrtYd user)
    (48 B.Fab user)
    (49 F.Fab user)
  )

  (setup
    (last_trace_width 0.25)
    (user_trace_width 0.5)
    (user_trace_width 0.75)
    (trace_clearance 0.2)
    (zone_clearance 0.508)
    (zone_45_only no)
    (trace_min 0.2)
    (segment_width 0.2)
    (edge_width 0.15)
    (via_size 0.8)
    (via_drill 0.4)
    (via_min_size 0.4)
    (via_min_drill 0.3)
    (user_via 0.6 0.3)
    (user_via 3.6 3.2)
    (uvia_size 0.3)
    (uvia_drill 0.1)
    (uvias_allowed no)
    (uvia_min_size 0.2)
    (uvia_min_drill 0.1)
    (pcb_text_width 0.3)
    (pcb_text_size 1.5 1.5)
    (mod_edge_width 0.15)
    (mod_text_size 1 1)
    (mod_text_width 0.15)
    (pad_size 1.524 1.524)
    (pad_drill 0.762)
    (pad_to_mask_clearance 0.051)
    (solder_mask_min_width 0.25)
    (aux_axis_origin 0 0)
    (visible_elements FFFFFF7F)
    (pcbplotparams
      (layerselection 0x010fc_ffffffff)
      (usegerberextensions false)
      (usegerberattributes false)
      (usegerberadvancedattributes false)
      (creategerberjobfile false)
      (excludeedgelayer true)
      (linewidth 0.100000)
      (plotframeref false)
      (viasonmask false)
      (mode 1)
      (useauxorigin false)
      (hpglpennumber 1)
      (hpglpenspeed 20)
      (hpglpendiameter 15.000000)
      (psnegative false)
      (psa4output false)
      (plotreference true)
      (plotvalue true)
      (plotinvisibletext false)
      (padsonsilk false)
      (subtractmaskfromsilk false)
      (outputformat 1)
      (mirror false)
      (drillshape 1)
      (scaleselection 1)
      (outputdirectory ""))
  )

  (net 0 "")
  (net 1 3V3)
  (net 2 GND)
  (net 3 SCK)
  (net 4 "Net-(J1-Pad6)")
  (net 5 MISO)
  (net 6 "Net-(J1-Pad8)")
  (net 7 MOSI)
  (net 8 DAT2)
  (net 9 CD)
  (net 10 DAT1)
  (net 11 WP)
  (net 12 CS)

  (net_class Default "This is the default net class."
    (clearance 0.2)
    (trace_width 0.25)
    (via_dia 0.8)
    (via_drill 0.4)
    (uvia_dia 0.3)
    (uvia_drill 0.1)
    (add_net 3V3)
    (add_net CD)
    (add_net CS)
    (add_net DAT1)
    (add_net DAT2)
    (add_net GND)
    (add_net MISO)
    (add_net MOSI)
    (add_net "Net-(J1-Pad6)")
    (add_net "Net-(J1-Pad8)")
    (add_net SCK)
    (add_net WP)
  )

  (module Capacitor_SMD:C_0603_1608Metric_Pad1.05x0.95mm_HandSolder (layer F.Cu) (tedit 5B301BBE) (tstamp 5C111A2E)
    (at 151 65.4 180)
    (descr "Capacitor SMD 0603 (1608 Metric), square (rectangular) end terminal, IPC_7351 nominal with elongated pad for handsoldering. (Body size source: http://www.tortai-tech.com/upload/download/2011102023233369053.pdf), generated with kicad-footprint-generator")
    (tags "capacitor handsolder")
    (path /5C03F0CB)
    (attr smd)
    (fp_text reference C1 (at -3 0 180) (layer F.SilkS)
      (effects (font (size 1 1) (thickness 0.15)))
    )
    (fp_text value 1uF (at 0 0 180) (layer F.Fab)
      (effects (font (size 1 1) (thickness 0.15)))
    )
    (fp_line (start -0.8 0.4) (end -0.8 -0.4) (layer F.Fab) (width 0.1))
    (fp_line (start -0.8 -0.4) (end 0.8 -0.4) (layer F.Fab) (width 0.1))
    (fp_line (start 0.8 -0.4) (end 0.8 0.4) (layer F.Fab) (width 0.1))
    (fp_line (start 0.8 0.4) (end -0.8 0.4) (layer F.Fab) (width 0.1))
    (fp_line (start -0.171267 -0.51) (end 0.171267 -0.51) (layer F.SilkS) (width 0.12))
    (fp_line (start -0.171267 0.51) (end 0.171267 0.51) (layer F.SilkS) (width 0.12))
    (fp_line (start -1.65 0.73) (end -1.65 -0.73) (layer F.CrtYd) (width 0.05))
    (fp_line (start -1.65 -0.73) (end 1.65 -0.73) (layer F.CrtYd) (width 0.05))
    (fp_line (start 1.65 -0.73) (end 1.65 0.73) (layer F.CrtYd) (width 0.05))
    (fp_line (start 1.65 0.73) (end -1.65 0.73) (layer F.CrtYd) (width 0.05))
    (fp_text user %R (at 0 0 180) (layer F.Fab)
      (effects (font (size 0.4 0.4) (thickness 0.06)))
    )
    (pad 1 smd roundrect (at -0.875 0 180) (size 1.05 0.95) (layers F.Cu F.Paste F.Mask) (roundrect_rratio 0.25)
      (net 1 3V3))
    (pad 2 smd roundrect (at 0.875 0 180) (size 1.05 0.95) (layers F.Cu F.Paste F.Mask) (roundrect_rratio 0.25)
      (net 2 GND))
    (model ${KISYS3DMOD}/Capacitor_SMD.3dshapes/C_0603_1608Metric.wrl
      (at (xyz 0 0 0))
      (scale (xyz 1 1 1))
      (rotate (xyz 0 0 0))
    )
  )

  (module Connector_PinSocket_2.54mm:PinSocket_2x06_P2.54mm_Horizontal (layer F.Cu) (tedit 5A19A42C) (tstamp 5C111A92)
    (at 158.8 77 180)
    (descr "Through hole angled socket strip, 2x06, 2.54mm pitch, 8.51mm socket length, double cols (from Kicad 4.0.7), script generated")
    (tags "Through hole angled socket strip THT 2x06 2.54mm double row")
    (path /5C03E1BA)
    (fp_text reference J1 (at -5.65 -2.77 180) (layer F.SilkS)
      (effects (font (size 1 1) (thickness 0.15)))
    )
    (fp_text value PMOD1 (at -5.65 15.47 180) (layer F.Fab)
      (effects (font (size 1 1) (thickness 0.15)))
    )
    (fp_line (start -12.57 -1.27) (end -5.03 -1.27) (layer F.Fab) (width 0.1))
    (fp_line (start -5.03 -1.27) (end -4.06 -0.3) (layer F.Fab) (width 0.1))
    (fp_line (start -4.06 -0.3) (end -4.06 13.97) (layer F.Fab) (width 0.1))
    (fp_line (start -4.06 13.97) (end -12.57 13.97) (layer F.Fab) (width 0.1))
    (fp_line (start -12.57 13.97) (end -12.57 -1.27) (layer F.Fab) (width 0.1))
    (fp_line (start 0 -0.3) (end -4.06 -0.3) (layer F.Fab) (width 0.1))
    (fp_line (start -4.06 0.3) (end 0 0.3) (layer F.Fab) (width 0.1))
    (fp_line (start 0 0.3) (end 0 -0.3) (layer F.Fab) (width 0.1))
    (fp_line (start 0 2.24) (end -4.06 2.24) (layer F.Fab) (width 0.1))
    (fp_line (start -4.06 2.84) (end 0 2.84) (layer F.Fab) (width 0.1))
    (fp_line (start 0 2.84) (end 0 2.24) (layer F.Fab) (width 0.1))
    (fp_line (start 0 4.78) (end -4.06 4.78) (layer F.Fab) (width 0.1))
    (fp_line (start -4.06 5.38) (end 0 5.38) (layer F.Fab) (width 0.1))
    (fp_line (start 0 5.38) (end 0 4.78) (layer F.Fab) (width 0.1))
    (fp_line (start 0 7.32) (end -4.06 7.32) (layer F.Fab) (width 0.1))
    (fp_line (start -4.06 7.92) (end 0 7.92) (layer F.Fab) (width 0.1))
    (fp_line (start 0 7.92) (end 0 7.32) (layer F.Fab) (width 0.1))
    (fp_line (start 0 9.86) (end -4.06 9.86) (layer F.Fab) (width 0.1))
    (fp_line (start -4.06 10.46) (end 0 10.46) (layer F.Fab) (width 0.1))
    (fp_line (start 0 10.46) (end 0 9.86) (layer F.Fab) (width 0.1))
    (fp_line (start 0 12.4) (end -4.06 12.4) (layer F.Fab) (width 0.1))
    (fp_line (start -4.06 13) (end 0 13) (layer F.Fab) (width 0.1))
    (fp_line (start 0 13) (end 0 12.4) (layer F.Fab) (width 0.1))
    (fp_line (start -12.63 -1.21) (end -4 -1.21) (layer F.SilkS) (width 0.12))
    (fp_line (start -12.63 -1.091905) (end -4 -1.091905) (layer F.SilkS) (width 0.12))
    (fp_line (start -12.63 -0.97381) (end -4 -0.97381) (layer F.SilkS) (width 0.12))
    (fp_line (start -12.63 -0.855715) (end -4 -0.855715) (layer F.SilkS) (width 0.12))
    (fp_line (start -12.63 -0.73762) (end -4 -0.73762) (layer F.SilkS) (width 0.12))
    (fp_line (start -12.63 -0.619525) (end -4 -0.619525) (layer F.SilkS) (width 0.12))
    (fp_line (start -12.63 -0.50143) (end -4 -0.50143) (layer F.SilkS) (width 0.12))
    (fp_line (start -12.63 -0.383335) (end -4 -0.383335) (layer F.SilkS) (width 0.12))
    (fp_line (start -12.63 -0.26524) (end -4 -0.26524) (layer F.SilkS) (width 0.12))
    (fp_line (start -12.63 -0.147145) (end -4 -0.147145) (layer F.SilkS) (width 0.12))
    (fp_line (start -12.63 -0.02905) (end -4 -0.02905) (layer F.SilkS) (width 0.12))
    (fp_line (start -12.63 0.089045) (end -4 0.089045) (layer F.SilkS) (width 0.12))
    (fp_line (start -12.63 0.20714) (end -4 0.20714) (layer F.SilkS) (width 0.12))
    (fp_line (start -12.63 0.325235) (end -4 0.325235) (layer F.SilkS) (width 0.12))
    (fp_line (start -12.63 0.44333) (end -4 0.44333) (layer F.SilkS) (width 0.12))
    (fp_line (start -12.63 0.561425) (end -4 0.561425) (layer F.SilkS) (width 0.12))
    (fp_line (start -12.63 0.67952) (end -4 0.67952) (layer F.SilkS) (width 0.12))
    (fp_line (start -12.63 0.797615) (end -4 0.797615) (layer F.SilkS) (width 0.12))
    (fp_line (start -12.63 0.91571) (end -4 0.91571) (layer F.SilkS) (width 0.12))
    (fp_line (start -12.63 1.033805) (end -4 1.033805) (layer F.SilkS) (width 0.12))
    (fp_line (start -12.63 1.1519) (end -4 1.1519) (layer F.SilkS) (width 0.12))
    (fp_line (start -4 -0.36) (end -3.59 -0.36) (layer F.SilkS) (width 0.12))
    (fp_line (start -1.49 -0.36) (end -1.11 -0.36) (layer F.SilkS) (width 0.12))
    (fp_line (start -4 0.36) (end -3.59 0.36) (layer F.SilkS) (width 0.12))
    (fp_line (start -1.49 0.36) (end -1.11 0.36) (layer F.SilkS) (width 0.12))
    (fp_line (start -4 2.18) (end -3.59 2.18) (layer F.SilkS) (width 0.12))
    (fp_line (start -1.49 2.18) (end -1.05 2.18) (layer F.SilkS) (width 0.12))
    (fp_line (start -4 2.9) (end -3.59 2.9) (layer F.SilkS) (width 0.12))
    (fp_line (start -1.49 2.9) (end -1.05 2.9) (layer F.SilkS) (width 0.12))
    (fp_line (start -4 4.72) (end -3.59 4.72) (layer F.SilkS) (width 0.12))
    (fp_line (start -1.49 4.72) (end -1.05 4.72) (layer F.SilkS) (width 0.12))
    (fp_line (start -4 5.44) (end -3.59 5.44) (layer F.SilkS) (width 0.12))
    (fp_line (start -1.49 5.44) (end -1.05 5.44) (layer F.SilkS) (width 0.12))
    (fp_line (start -4 7.26) (end -3.59 7.26) (layer F.SilkS) (width 0.12))
    (fp_line (start -1.49 7.26) (end -1.05 7.26) (layer F.SilkS) (width 0.12))
    (fp_line (start -4 7.98) (end -3.59 7.98) (layer F.SilkS) (width 0.12))
    (fp_line (start -1.49 7.98) (end -1.05 7.98) (layer F.SilkS) (width 0.12))
    (fp_line (start -4 9.8) (end -3.59 9.8) (layer F.SilkS) (width 0.12))
    (fp_line (start -1.49 9.8) (end -1.05 9.8) (layer F.SilkS) (width 0.12))
    (fp_line (start -4 10.52) (end -3.59 10.52) (layer F.SilkS) (width 0.12))
    (fp_line (start -1.49 10.52) (end -1.05 10.52) (layer F.SilkS) (width 0.12))
    (fp_line (start -4 12.34) (end -3.59 12.34) (layer F.SilkS) (width 0.12))
    (fp_line (start -1.49 12.34) (end -1.05 12.34) (layer F.SilkS) (width 0.12))
    (fp_line (start -4 13.06) (end -3.59 13.06) (layer F.SilkS) (width 0.12))
    (fp_line (start -1.49 13.06) (end -1.05 13.06) (layer F.SilkS) (width 0.12))
    (fp_line (start -12.63 1.27) (end -4 1.27) (layer F.SilkS) (width 0.12))
    (fp_line (start -12.63 3.81) (end -4 3.81) (layer F.SilkS) (width 0.12))
    (fp_line (start -12.63 6.35) (end -4 6.35) (layer F.SilkS) (width 0.12))
    (fp_line (start -12.63 8.89) (end -4 8.89) (layer F.SilkS) (width 0.12))
    (fp_line (start -12.63 11.43) (end -4 11.43) (layer F.SilkS) (width 0.12))
    (fp_line (start -12.63 -1.33) (end -4 -1.33) (layer F.SilkS) (width 0.12))
    (fp_line (start -4 -1.33) (end -4 14.03) (layer F.SilkS) (width 0.12))
    (fp_line (start -12.63 14.03) (end -4 14.03) (layer F.SilkS) (width 0.12))
    (fp_line (start -12.63 -1.33) (end -12.63 14.03) (layer F.SilkS) (width 0.12))
    (fp_line (start 1.11 -1.33) (end 1.11 0) (layer F.SilkS) (width 0.12))
    (fp_line (start 0 -1.33) (end 1.11 -1.33) (layer F.SilkS) (width 0.12))
    (fp_line (start 1.8 -1.8) (end -13.05 -1.8) (layer F.CrtYd) (width 0.05))
    (fp_line (start -13.05 -1.8) (end -13.05 14.45) (layer F.CrtYd) (width 0.05))
    (fp_line (start -13.05 14.45) (end 1.8 14.45) (layer F.CrtYd) (width 0.05))
    (fp_line (start 1.8 14.45) (end 1.8 -1.8) (layer F.CrtYd) (width 0.05))
    (fp_text user %R (at -8.315 6.35 270) (layer F.Fab)
      (effects (font (size 1 1) (thickness 0.15)))
    )
    (pad 1 thru_hole rect (at 0 0 180) (size 1.7 1.7) (drill 1) (layers *.Cu *.Mask)
      (net 12 CS))
    (pad 2 thru_hole oval (at -2.54 0 180) (size 1.7 1.7) (drill 1) (layers *.Cu *.Mask)
      (net 10 DAT1))
    (pad 3 thru_hole oval (at 0 2.54 180) (size 1.7 1.7) (drill 1) (layers *.Cu *.Mask)
      (net 7 MOSI))
    (pad 4 thru_hole oval (at -2.54 2.54 180) (size 1.7 1.7) (drill 1) (layers *.Cu *.Mask)
      (net 8 DAT2))
    (pad 5 thru_hole oval (at 0 5.08 180) (size 1.7 1.7) (drill 1) (layers *.Cu *.Mask)
      (net 5 MISO))
    (pad 6 thru_hole oval (at -2.54 5.08 180) (size 1.7 1.7) (drill 1) (layers *.Cu *.Mask)
      (net 4 "Net-(J1-Pad6)"))
    (pad 7 thru_hole oval (at 0 7.62 180) (size 1.7 1.7) (drill 1) (layers *.Cu *.Mask)
      (net 3 SCK))
    (pad 8 thru_hole oval (at -2.54 7.62 180) (size 1.7 1.7) (drill 1) (layers *.Cu *.Mask)
      (net 6 "Net-(J1-Pad8)"))
    (pad 9 thru_hole oval (at 0 10.16 180) (size 1.7 1.7) (drill 1) (layers *.Cu *.Mask)
      (net 2 GND))
    (pad 10 thru_hole oval (at -2.54 10.16 180) (size 1.7 1.7) (drill 1) (layers *.Cu *.Mask)
      (net 2 GND))
    (pad 11 thru_hole oval (at 0 12.7 180) (size 1.7 1.7) (drill 1) (layers *.Cu *.Mask)
      (net 1 3V3))
    (pad 12 thru_hole oval (at -2.54 12.7 180) (size 1.7 1.7) (drill 1) (layers *.Cu *.Mask)
      (net 1 3V3))
    (model ${KISYS3DMOD}/Connector_PinSocket_2.54mm.3dshapes/PinSocket_2x06_P2.54mm_Horizontal.wrl
      (at (xyz 0 0 0))
      (scale (xyz 1 1 1))
      (rotate (xyz 0 0 0))
    )
    (model ${KISYS3DMOD}/Connector_PinHeader_1.00mm.3dshapes/PinHeader_2x06_P1.00mm_Horizontal.wrl
      (offset (xyz 0 -12.5 1))
      (scale (xyz 2.54 2.54 2))
      (rotate (xyz 0 0 180))
    )
  )

  (module Connectors:SD_Card_Receptacle (layer F.Cu) (tedit 54A89A84) (tstamp 5C111AB5)
    (at 133.25 71.25 270)
    (path /5C03E070)
    (attr smd)
    (fp_text reference J2 (at 9.56 7.78 270) (layer F.SilkS)
      (effects (font (size 1 1) (thickness 0.15)))
    )
    (fp_text value SD_Card (at -1.6 -3.15 270) (layer F.Fab)
      (effects (font (size 1 1) (thickness 0.15)))
    )
    (fp_line (start -15.1 28.9) (end 15.1 28.9) (layer F.CrtYd) (width 0.05))
    (fp_line (start 15.1 28.9) (end 15.1 -13.4) (layer F.CrtYd) (width 0.05))
    (fp_line (start 15.1 -13.4) (end -15.1 -13.4) (layer F.CrtYd) (width 0.05))
    (fp_line (start -15.1 -13.4) (end -15.1 28.9) (layer F.CrtYd) (width 0.05))
    (fp_line (start 7.5 -12.15) (end 8 -12.15) (layer F.SilkS) (width 0.12))
    (fp_line (start 5 -12.15) (end 5.5 -12.15) (layer F.SilkS) (width 0.12))
    (fp_line (start -2.5 -12.15) (end -2 -12.15) (layer F.SilkS) (width 0.12))
    (fp_line (start -5 -12.15) (end -4.5 -12.15) (layer F.SilkS) (width 0.12))
    (fp_line (start -7.4 -12.15) (end -7 -12.15) (layer F.SilkS) (width 0.12))
    (fp_line (start -12.5 -12.15) (end -11.1 -12.15) (layer F.SilkS) (width 0.12))
    (fp_line (start -14.4 8.45) (end -14.4 -12.15) (layer F.SilkS) (width 0.12))
    (fp_line (start 14.5 7.25) (end 14.5 -12.15) (layer F.SilkS) (width 0.12))
    (fp_line (start 14.5 -12.15) (end 10 -12.15) (layer F.SilkS) (width 0.12))
    (fp_line (start 14.5 17.65) (end -14.4 17.65) (layer F.SilkS) (width 0.12))
    (fp_line (start -14.4 17.65) (end -14.4 11.65) (layer F.SilkS) (width 0.12))
    (fp_line (start 14.5 17.65) (end 14.5 10.45) (layer F.SilkS) (width 0.12))
    (pad 1 smd rect (at 6.47 -12.15 270) (size 1 1.5) (layers F.Cu F.Paste F.Mask)
      (net 12 CS))
    (pad 2 smd rect (at 3.97 -12.15 270) (size 1 1.5) (layers F.Cu F.Paste F.Mask)
      (net 7 MOSI))
    (pad 3 smd rect (at 0.67 -12.15 270) (size 1 1.5) (layers F.Cu F.Paste F.Mask)
      (net 2 GND))
    (pad 4 smd rect (at -1.03 -12.15 270) (size 1 1.5) (layers F.Cu F.Paste F.Mask)
      (net 1 3V3))
    (pad 5 smd rect (at -3.53 -12.15 270) (size 1 1.5) (layers F.Cu F.Paste F.Mask)
      (net 3 SCK))
    (pad 6 smd rect (at -6.03 -12.15 270) (size 1 1.5) (layers F.Cu F.Paste F.Mask)
      (net 2 GND))
    (pad 7 smd rect (at -8.45 -12.15 270) (size 1 1.5) (layers F.Cu F.Paste F.Mask)
      (net 5 MISO))
    (pad 8 smd rect (at -10.15 -12.15 270) (size 1 1.5) (layers F.Cu F.Paste F.Mask)
      (net 10 DAT1))
    (pad 9 smd rect (at 8.97 -12.15 270) (size 1 1.5) (layers F.Cu F.Paste F.Mask)
      (net 8 DAT2))
    (pad 10 smd rect (at 2.32 -12.15 270) (size 1 1.5) (layers F.Cu F.Paste F.Mask)
      (net 9 CD))
    (pad 11 smd rect (at -13.5 -12.15 270) (size 1 1.5) (layers F.Cu F.Paste F.Mask)
      (net 11 WP))
    (pad 12 smd rect (at 14 8.85 270) (size 1.2 2.2) (layers F.Cu F.Paste F.Mask)
      (net 2 GND))
    (pad 13 smd rect (at -14 10.05 270) (size 1.2 2.2) (layers F.Cu F.Paste F.Mask)
      (net 2 GND))
    (pad "" np_thru_hole circle (at 11.7 12.15 270) (size 1.5 1.5) (drill 1.5) (layers *.Cu *.Mask))
    (pad "" np_thru_hole circle (at -12.5 12.15 270) (size 1.5 1.5) (drill 1.5) (layers *.Cu *.Mask))
    (model ${KISYS3DMOD}/Connector_Card.3dshapes/microSD_HC_Hirose_DM3D-SF.step
      (offset (xyz 0 -2.5 0))
      (scale (xyz 2.3 2.5 2))
      (rotate (xyz 0 0 180))
    )
  )

  (module Resistor_SMD:R_0603_1608Metric_Pad1.05x0.95mm_HandSolder (layer F.Cu) (tedit 5B301BBD) (tstamp 5C111AC6)
    (at 151.125 57.8)
    (descr "Resistor SMD 0603 (1608 Metric), square (rectangular) end terminal, IPC_7351 nominal with elongated pad for handsoldering. (Body size source: http://www.tortai-tech.com/upload/download/2011102023233369053.pdf), generated with kicad-footprint-generator")
    (tags "resistor handsolder")
    (path /5C040069)
    (attr smd)
    (fp_text reference R1 (at 2.875 0) (layer F.SilkS)
      (effects (font (size 1 1) (thickness 0.15)))
    )
    (fp_text value 200R (at -0.125 0) (layer F.Fab)
      (effects (font (size 1 1) (thickness 0.15)))
    )
    (fp_line (start -0.8 0.4) (end -0.8 -0.4) (layer F.Fab) (width 0.1))
    (fp_line (start -0.8 -0.4) (end 0.8 -0.4) (layer F.Fab) (width 0.1))
    (fp_line (start 0.8 -0.4) (end 0.8 0.4) (layer F.Fab) (width 0.1))
    (fp_line (start 0.8 0.4) (end -0.8 0.4) (layer F.Fab) (width 0.1))
    (fp_line (start -0.171267 -0.51) (end 0.171267 -0.51) (layer F.SilkS) (width 0.12))
    (fp_line (start -0.171267 0.51) (end 0.171267 0.51) (layer F.SilkS) (width 0.12))
    (fp_line (start -1.65 0.73) (end -1.65 -0.73) (layer F.CrtYd) (width 0.05))
    (fp_line (start -1.65 -0.73) (end 1.65 -0.73) (layer F.CrtYd) (width 0.05))
    (fp_line (start 1.65 -0.73) (end 1.65 0.73) (layer F.CrtYd) (width 0.05))
    (fp_line (start 1.65 0.73) (end -1.65 0.73) (layer F.CrtYd) (width 0.05))
    (fp_text user %R (at 0 0) (layer F.Fab)
      (effects (font (size 0.4 0.4) (thickness 0.06)))
    )
    (pad 1 smd roundrect (at -0.875 0) (size 1.05 0.95) (layers F.Cu F.Paste F.Mask) (roundrect_rratio 0.25)
      (net 9 CD))
    (pad 2 smd roundrect (at 0.875 0) (size 1.05 0.95) (layers F.Cu F.Paste F.Mask) (roundrect_rratio 0.25)
      (net 4 "Net-(J1-Pad6)"))
    (model ${KISYS3DMOD}/Resistor_SMD.3dshapes/R_0603_1608Metric.wrl
      (at (xyz 0 0 0))
      (scale (xyz 1 1 1))
      (rotate (xyz 0 0 0))
    )
    (model ${KISYS3DMOD}/Capacitor_SMD.3dshapes/C_0201_0603Metric.step
      (at (xyz 0 0 0))
      (scale (xyz 1 1 1))
      (rotate (xyz 0 0 0))
    )
    (model ${KISYS3DMOD}/Capacitor_SMD.3dshapes/C_0201_0603Metric.wrl
      (at (xyz 0 0 0))
      (scale (xyz 2 2 2))
      (rotate (xyz 0 0 0))
    )
  )

  (module Resistor_SMD:R_0603_1608Metric_Pad1.05x0.95mm_HandSolder (layer F.Cu) (tedit 5B301BBD) (tstamp 5C111AD7)
    (at 151.075 78.8 180)
    (descr "Resistor SMD 0603 (1608 Metric), square (rectangular) end terminal, IPC_7351 nominal with elongated pad for handsoldering. (Body size source: http://www.tortai-tech.com/upload/download/2011102023233369053.pdf), generated with kicad-footprint-generator")
    (tags "resistor handsolder")
    (path /5C0400A3)
    (attr smd)
    (fp_text reference R2 (at -2.8 -0.2 180) (layer F.SilkS)
      (effects (font (size 1 1) (thickness 0.15)))
    )
    (fp_text value 200R (at 0 0 180) (layer F.Fab)
      (effects (font (size 1 1) (thickness 0.15)))
    )
    (fp_text user %R (at 0 0 180) (layer F.Fab)
      (effects (font (size 0.4 0.4) (thickness 0.06)))
    )
    (fp_line (start 1.65 0.73) (end -1.65 0.73) (layer F.CrtYd) (width 0.05))
    (fp_line (start 1.65 -0.73) (end 1.65 0.73) (layer F.CrtYd) (width 0.05))
    (fp_line (start -1.65 -0.73) (end 1.65 -0.73) (layer F.CrtYd) (width 0.05))
    (fp_line (start -1.65 0.73) (end -1.65 -0.73) (layer F.CrtYd) (width 0.05))
    (fp_line (start -0.171267 0.51) (end 0.171267 0.51) (layer F.SilkS) (width 0.12))
    (fp_line (start -0.171267 -0.51) (end 0.171267 -0.51) (layer F.SilkS) (width 0.12))
    (fp_line (start 0.8 0.4) (end -0.8 0.4) (layer F.Fab) (width 0.1))
    (fp_line (start 0.8 -0.4) (end 0.8 0.4) (layer F.Fab) (width 0.1))
    (fp_line (start -0.8 -0.4) (end 0.8 -0.4) (layer F.Fab) (width 0.1))
    (fp_line (start -0.8 0.4) (end -0.8 -0.4) (layer F.Fab) (width 0.1))
    (pad 2 smd roundrect (at 0.875 0 180) (size 1.05 0.95) (layers F.Cu F.Paste F.Mask) (roundrect_rratio 0.25)
      (net 11 WP))
    (pad 1 smd roundrect (at -0.875 0 180) (size 1.05 0.95) (layers F.Cu F.Paste F.Mask) (roundrect_rratio 0.25)
      (net 6 "Net-(J1-Pad8)"))
    (model ${KISYS3DMOD}/Resistor_SMD.3dshapes/R_0603_1608Metric.wrl
      (at (xyz 0 0 0))
      (scale (xyz 1 1 1))
      (rotate (xyz 0 0 0))
    )
    (model ${KISYS3DMOD}/Capacitor_SMD.3dshapes/C_0201_0603Metric.step
      (at (xyz 0 0 0))
      (scale (xyz 2 2 2))
      (rotate (xyz 0 0 0))
    )
  )

  (module Resistor_SMD:R_0603_1608Metric_Pad1.05x0.95mm_HandSolder (layer F.Cu) (tedit 5B301BBD) (tstamp 5C112962)
    (at 151 71 180)
    (descr "Resistor SMD 0603 (1608 Metric), square (rectangular) end terminal, IPC_7351 nominal with elongated pad for handsoldering. (Body size source: http://www.tortai-tech.com/upload/download/2011102023233369053.pdf), generated with kicad-footprint-generator")
    (tags "resistor handsolder")
    (path /5C03F083)
    (attr smd)
    (fp_text reference R3 (at -2.825 -0.05 180) (layer F.SilkS)
      (effects (font (size 1 1) (thickness 0.15)))
    )
    (fp_text value 10K (at -0.125 -0.25 180) (layer F.Fab)
      (effects (font (size 1 1) (thickness 0.15)))
    )
    (fp_line (start -0.8 0.4) (end -0.8 -0.4) (layer F.Fab) (width 0.1))
    (fp_line (start -0.8 -0.4) (end 0.8 -0.4) (layer F.Fab) (width 0.1))
    (fp_line (start 0.8 -0.4) (end 0.8 0.4) (layer F.Fab) (width 0.1))
    (fp_line (start 0.8 0.4) (end -0.8 0.4) (layer F.Fab) (width 0.1))
    (fp_line (start -0.171267 -0.51) (end 0.171267 -0.51) (layer F.SilkS) (width 0.12))
    (fp_line (start -0.171267 0.51) (end 0.171267 0.51) (layer F.SilkS) (width 0.12))
    (fp_line (start -1.65 0.73) (end -1.65 -0.73) (layer F.CrtYd) (width 0.05))
    (fp_line (start -1.65 -0.73) (end 1.65 -0.73) (layer F.CrtYd) (width 0.05))
    (fp_line (start 1.65 -0.73) (end 1.65 0.73) (layer F.CrtYd) (width 0.05))
    (fp_line (start 1.65 0.73) (end -1.65 0.73) (layer F.CrtYd) (width 0.05))
    (fp_text user %R (at 0 0 180) (layer F.Fab)
      (effects (font (size 0.4 0.4) (thickness 0.06)))
    )
    (pad 1 smd roundrect (at -0.875 0 180) (size 1.05 0.95) (layers F.Cu F.Paste F.Mask) (roundrect_rratio 0.25)
      (net 1 3V3))
    (pad 2 smd roundrect (at 0.875 0 180) (size 1.05 0.95) (layers F.Cu F.Paste F.Mask) (roundrect_rratio 0.25)
      (net 3 SCK))
    (model ${KISYS3DMOD}/Resistor_SMD.3dshapes/R_0603_1608Metric.wrl
      (at (xyz 0 0 0))
      (scale (xyz 1 1 1))
      (rotate (xyz 0 0 0))
    )
    (model ${KISYS3DMOD}/Capacitor_SMD.3dshapes/C_0201_0603Metric.step
      (at (xyz 0 0 0))
      (scale (xyz 2 2 2))
      (rotate (xyz 0 0 0))
    )
  )

  (module Resistor_SMD:R_0603_1608Metric_Pad1.05x0.95mm_HandSolder (layer F.Cu) (tedit 5B301BBD) (tstamp 5C111AF9)
    (at 151.075 62.8 180)
    (descr "Resistor SMD 0603 (1608 Metric), square (rectangular) end terminal, IPC_7351 nominal with elongated pad for handsoldering. (Body size source: http://www.tortai-tech.com/upload/download/2011102023233369053.pdf), generated with kicad-footprint-generator")
    (tags "resistor handsolder")
    (path /5C03F49E)
    (attr smd)
    (fp_text reference R4 (at -2.875 0 180) (layer F.SilkS)
      (effects (font (size 1 1) (thickness 0.15)))
    )
    (fp_text value 10K (at 0.125 0 180) (layer F.Fab)
      (effects (font (size 1 1) (thickness 0.15)))
    )
    (fp_text user %R (at 0 0 180) (layer F.Fab)
      (effects (font (size 0.4 0.4) (thickness 0.06)))
    )
    (fp_line (start 1.65 0.73) (end -1.65 0.73) (layer F.CrtYd) (width 0.05))
    (fp_line (start 1.65 -0.73) (end 1.65 0.73) (layer F.CrtYd) (width 0.05))
    (fp_line (start -1.65 -0.73) (end 1.65 -0.73) (layer F.CrtYd) (width 0.05))
    (fp_line (start -1.65 0.73) (end -1.65 -0.73) (layer F.CrtYd) (width 0.05))
    (fp_line (start -0.171267 0.51) (end 0.171267 0.51) (layer F.SilkS) (width 0.12))
    (fp_line (start -0.171267 -0.51) (end 0.171267 -0.51) (layer F.SilkS) (width 0.12))
    (fp_line (start 0.8 0.4) (end -0.8 0.4) (layer F.Fab) (width 0.1))
    (fp_line (start 0.8 -0.4) (end 0.8 0.4) (layer F.Fab) (width 0.1))
    (fp_line (start -0.8 -0.4) (end 0.8 -0.4) (layer F.Fab) (width 0.1))
    (fp_line (start -0.8 0.4) (end -0.8 -0.4) (layer F.Fab) (width 0.1))
    (pad 2 smd roundrect (at 0.875 0 180) (size 1.05 0.95) (layers F.Cu F.Paste F.Mask) (roundrect_rratio 0.25)
      (net 5 MISO))
    (pad 1 smd roundrect (at -0.875 0 180) (size 1.05 0.95) (layers F.Cu F.Paste F.Mask) (roundrect_rratio 0.25)
      (net 1 3V3))
    (model ${KISYS3DMOD}/Resistor_SMD.3dshapes/R_0603_1608Metric.wrl
      (at (xyz 0 0 0))
      (scale (xyz 1 1 1))
      (rotate (xyz 0 0 0))
    )
    (model ${KISYS3DMOD}/Capacitor_SMD.3dshapes/C_0201_0603Metric.wrl
      (at (xyz 0 0 0))
      (scale (xyz 2 2 2))
      (rotate (xyz 0 0 0))
    )
  )

  (module Resistor_SMD:R_0603_1608Metric_Pad1.05x0.95mm_HandSolder (layer F.Cu) (tedit 5B301BBD) (tstamp 5C111B0A)
    (at 151.075 76.2 180)
    (descr "Resistor SMD 0603 (1608 Metric), square (rectangular) end terminal, IPC_7351 nominal with elongated pad for handsoldering. (Body size source: http://www.tortai-tech.com/upload/download/2011102023233369053.pdf), generated with kicad-footprint-generator")
    (tags "resistor handsolder")
    (path /5C03F78D)
    (attr smd)
    (fp_text reference R5 (at -2.675 0 180) (layer F.SilkS)
      (effects (font (size 1 1) (thickness 0.15)))
    )
    (fp_text value 10K (at -0.075 0 180) (layer F.Fab)
      (effects (font (size 1 1) (thickness 0.15)))
    )
    (fp_line (start -0.8 0.4) (end -0.8 -0.4) (layer F.Fab) (width 0.1))
    (fp_line (start -0.8 -0.4) (end 0.8 -0.4) (layer F.Fab) (width 0.1))
    (fp_line (start 0.8 -0.4) (end 0.8 0.4) (layer F.Fab) (width 0.1))
    (fp_line (start 0.8 0.4) (end -0.8 0.4) (layer F.Fab) (width 0.1))
    (fp_line (start -0.171267 -0.51) (end 0.171267 -0.51) (layer F.SilkS) (width 0.12))
    (fp_line (start -0.171267 0.51) (end 0.171267 0.51) (layer F.SilkS) (width 0.12))
    (fp_line (start -1.65 0.73) (end -1.65 -0.73) (layer F.CrtYd) (width 0.05))
    (fp_line (start -1.65 -0.73) (end 1.65 -0.73) (layer F.CrtYd) (width 0.05))
    (fp_line (start 1.65 -0.73) (end 1.65 0.73) (layer F.CrtYd) (width 0.05))
    (fp_line (start 1.65 0.73) (end -1.65 0.73) (layer F.CrtYd) (width 0.05))
    (fp_text user %R (at 0 0 180) (layer F.Fab)
      (effects (font (size 0.4 0.4) (thickness 0.06)))
    )
    (pad 1 smd roundrect (at -0.875 0 180) (size 1.05 0.95) (layers F.Cu F.Paste F.Mask) (roundrect_rratio 0.25)
      (net 1 3V3))
    (pad 2 smd roundrect (at 0.875 0 180) (size 1.05 0.95) (layers F.Cu F.Paste F.Mask) (roundrect_rratio 0.25)
      (net 7 MOSI))
    (model ${KISYS3DMOD}/Resistor_SMD.3dshapes/R_0603_1608Metric.wrl
      (at (xyz 0 0 0))
      (scale (xyz 1 1 1))
      (rotate (xyz 0 0 0))
    )
    (model ${KISYS3DMOD}/Capacitor_SMD.3dshapes/C_0201_0603Metric.step
      (at (xyz 0 0 0))
      (scale (xyz 2 2 2))
      (rotate (xyz 0 0 0))
    )
  )

  (module Resistor_SMD:R_0603_1608Metric_Pad1.05x0.95mm_HandSolder (layer F.Cu) (tedit 5B301BBD) (tstamp 5C111B1B)
    (at 151.075 81.4 180)
    (descr "Resistor SMD 0603 (1608 Metric), square (rectangular) end terminal, IPC_7351 nominal with elongated pad for handsoldering. (Body size source: http://www.tortai-tech.com/upload/download/2011102023233369053.pdf), generated with kicad-footprint-generator")
    (tags "resistor handsolder")
    (path /5C03F7B3)
    (attr smd)
    (fp_text reference R6 (at -2.725 0 180) (layer F.SilkS)
      (effects (font (size 1 1) (thickness 0.15)))
    )
    (fp_text value 10K (at 0 0 180) (layer F.Fab)
      (effects (font (size 1 1) (thickness 0.15)))
    )
    (fp_text user %R (at 0 0 180) (layer F.Fab)
      (effects (font (size 0.4 0.4) (thickness 0.06)))
    )
    (fp_line (start 1.65 0.73) (end -1.65 0.73) (layer F.CrtYd) (width 0.05))
    (fp_line (start 1.65 -0.73) (end 1.65 0.73) (layer F.CrtYd) (width 0.05))
    (fp_line (start -1.65 -0.73) (end 1.65 -0.73) (layer F.CrtYd) (width 0.05))
    (fp_line (start -1.65 0.73) (end -1.65 -0.73) (layer F.CrtYd) (width 0.05))
    (fp_line (start -0.171267 0.51) (end 0.171267 0.51) (layer F.SilkS) (width 0.12))
    (fp_line (start -0.171267 -0.51) (end 0.171267 -0.51) (layer F.SilkS) (width 0.12))
    (fp_line (start 0.8 0.4) (end -0.8 0.4) (layer F.Fab) (width 0.1))
    (fp_line (start 0.8 -0.4) (end 0.8 0.4) (layer F.Fab) (width 0.1))
    (fp_line (start -0.8 -0.4) (end 0.8 -0.4) (layer F.Fab) (width 0.1))
    (fp_line (start -0.8 0.4) (end -0.8 -0.4) (layer F.Fab) (width 0.1))
    (pad 2 smd roundrect (at 0.875 0 180) (size 1.05 0.95) (layers F.Cu F.Paste F.Mask) (roundrect_rratio 0.25)
      (net 12 CS))
    (pad 1 smd roundrect (at -0.875 0 180) (size 1.05 0.95) (layers F.Cu F.Paste F.Mask) (roundrect_rratio 0.25)
      (net 1 3V3))
    (model ${KISYS3DMOD}/Resistor_SMD.3dshapes/R_0603_1608Metric.wrl
      (at (xyz 0 0 0))
      (scale (xyz 1 1 1))
      (rotate (xyz 0 0 0))
    )
    (model ${KISYS3DMOD}/Capacitor_SMD.3dshapes/C_0201_0603Metric.step
      (at (xyz 0 0 0))
      (scale (xyz 2 2 2))
      (rotate (xyz 0 0 0))
    )
  )

  (module Resistor_SMD:R_0603_1608Metric_Pad1.05x0.95mm_HandSolder (layer F.Cu) (tedit 5B301BBD) (tstamp 5C111B2C)
    (at 151.2 60.4 180)
    (descr "Resistor SMD 0603 (1608 Metric), square (rectangular) end terminal, IPC_7351 nominal with elongated pad for handsoldering. (Body size source: http://www.tortai-tech.com/upload/download/2011102023233369053.pdf), generated with kicad-footprint-generator")
    (tags "resistor handsolder")
    (path /5C03F7D9)
    (attr smd)
    (fp_text reference R7 (at -2.875 0 180) (layer F.SilkS)
      (effects (font (size 1 1) (thickness 0.15)))
    )
    (fp_text value 10K (at 0.125 -0.25 180) (layer F.Fab)
      (effects (font (size 1 1) (thickness 0.15)))
    )
    (fp_line (start -0.8 0.4) (end -0.8 -0.4) (layer F.Fab) (width 0.1))
    (fp_line (start -0.8 -0.4) (end 0.8 -0.4) (layer F.Fab) (width 0.1))
    (fp_line (start 0.8 -0.4) (end 0.8 0.4) (layer F.Fab) (width 0.1))
    (fp_line (start 0.8 0.4) (end -0.8 0.4) (layer F.Fab) (width 0.1))
    (fp_line (start -0.171267 -0.51) (end 0.171267 -0.51) (layer F.SilkS) (width 0.12))
    (fp_line (start -0.171267 0.51) (end 0.171267 0.51) (layer F.SilkS) (width 0.12))
    (fp_line (start -1.65 0.73) (end -1.65 -0.73) (layer F.CrtYd) (width 0.05))
    (fp_line (start -1.65 -0.73) (end 1.65 -0.73) (layer F.CrtYd) (width 0.05))
    (fp_line (start 1.65 -0.73) (end 1.65 0.73) (layer F.CrtYd) (width 0.05))
    (fp_line (start 1.65 0.73) (end -1.65 0.73) (layer F.CrtYd) (width 0.05))
    (fp_text user %R (at 0 0 180) (layer F.Fab)
      (effects (font (size 0.4 0.4) (thickness 0.06)))
    )
    (pad 1 smd roundrect (at -0.875 0 180) (size 1.05 0.95) (layers F.Cu F.Paste F.Mask) (roundrect_rratio 0.25)
      (net 1 3V3))
    (pad 2 smd roundrect (at 0.875 0 180) (size 1.05 0.95) (layers F.Cu F.Paste F.Mask) (roundrect_rratio 0.25)
      (net 10 DAT1))
    (model ${KISYS3DMOD}/Resistor_SMD.3dshapes/R_0603_1608Metric.wrl
      (at (xyz 0 0 0))
      (scale (xyz 1 1 1))
      (rotate (xyz 0 0 0))
    )
    (model ${KISYS3DMOD}/Capacitor_SMD.3dshapes/C_0201_0603Metric.wrl
      (at (xyz 0 0 0))
      (scale (xyz 2 2 2))
      (rotate (xyz 0 0 0))
    )
  )

  (module Resistor_SMD:R_0603_1608Metric_Pad1.05x0.95mm_HandSolder (layer F.Cu) (tedit 5B301BBD) (tstamp 5C111B3D)
    (at 151 84 180)
    (descr "Resistor SMD 0603 (1608 Metric), square (rectangular) end terminal, IPC_7351 nominal with elongated pad for handsoldering. (Body size source: http://www.tortai-tech.com/upload/download/2011102023233369053.pdf), generated with kicad-footprint-generator")
    (tags "resistor handsolder")
    (path /5C03F7FF)
    (attr smd)
    (fp_text reference R8 (at -2.8 0 180) (layer F.SilkS)
      (effects (font (size 1 1) (thickness 0.15)))
    )
    (fp_text value 10K (at 0 0 180) (layer F.Fab)
      (effects (font (size 1 1) (thickness 0.15)))
    )
    (fp_text user %R (at 0 0 180) (layer F.Fab)
      (effects (font (size 0.4 0.4) (thickness 0.06)))
    )
    (fp_line (start 1.65 0.73) (end -1.65 0.73) (layer F.CrtYd) (width 0.05))
    (fp_line (start 1.65 -0.73) (end 1.65 0.73) (layer F.CrtYd) (width 0.05))
    (fp_line (start -1.65 -0.73) (end 1.65 -0.73) (layer F.CrtYd) (width 0.05))
    (fp_line (start -1.65 0.73) (end -1.65 -0.73) (layer F.CrtYd) (width 0.05))
    (fp_line (start -0.171267 0.51) (end 0.171267 0.51) (layer F.SilkS) (width 0.12))
    (fp_line (start -0.171267 -0.51) (end 0.171267 -0.51) (layer F.SilkS) (width 0.12))
    (fp_line (start 0.8 0.4) (end -0.8 0.4) (layer F.Fab) (width 0.1))
    (fp_line (start 0.8 -0.4) (end 0.8 0.4) (layer F.Fab) (width 0.1))
    (fp_line (start -0.8 -0.4) (end 0.8 -0.4) (layer F.Fab) (width 0.1))
    (fp_line (start -0.8 0.4) (end -0.8 -0.4) (layer F.Fab) (width 0.1))
    (pad 2 smd roundrect (at 0.875 0 180) (size 1.05 0.95) (layers F.Cu F.Paste F.Mask) (roundrect_rratio 0.25)
      (net 8 DAT2))
    (pad 1 smd roundrect (at -0.875 0 180) (size 1.05 0.95) (layers F.Cu F.Paste F.Mask) (roundrect_rratio 0.25)
      (net 1 3V3))
    (model ${KISYS3DMOD}/Resistor_SMD.3dshapes/R_0603_1608Metric.wrl
      (at (xyz 0 0 0))
      (scale (xyz 2 2 2))
      (rotate (xyz 0 0 0))
    )
    (model ${KISYS3DMOD}/Capacitor_SMD.3dshapes/C_0201_0603Metric.step
      (at (xyz 0 0 0))
      (scale (xyz 2 2 2))
      (rotate (xyz 0 0 0))
    )
  )

  (module Resistor_SMD:R_0603_1608Metric_Pad1.05x0.95mm_HandSolder (layer F.Cu) (tedit 5B301BBD) (tstamp 5C111B4E)
    (at 151 73.6 180)
    (descr "Resistor SMD 0603 (1608 Metric), square (rectangular) end terminal, IPC_7351 nominal with elongated pad for handsoldering. (Body size source: http://www.tortai-tech.com/upload/download/2011102023233369053.pdf), generated with kicad-footprint-generator")
    (tags "resistor handsolder")
    (path /5C03F82B)
    (attr smd)
    (fp_text reference R9 (at -2.75 -0.1 180) (layer F.SilkS)
      (effects (font (size 1 1) (thickness 0.15)))
    )
    (fp_text value 10K (at 0.05 -0.1 180) (layer F.Fab)
      (effects (font (size 1 1) (thickness 0.15)))
    )
    (fp_line (start -0.8 0.4) (end -0.8 -0.4) (layer F.Fab) (width 0.1))
    (fp_line (start -0.8 -0.4) (end 0.8 -0.4) (layer F.Fab) (width 0.1))
    (fp_line (start 0.8 -0.4) (end 0.8 0.4) (layer F.Fab) (width 0.1))
    (fp_line (start 0.8 0.4) (end -0.8 0.4) (layer F.Fab) (width 0.1))
    (fp_line (start -0.171267 -0.51) (end 0.171267 -0.51) (layer F.SilkS) (width 0.12))
    (fp_line (start -0.171267 0.51) (end 0.171267 0.51) (layer F.SilkS) (width 0.12))
    (fp_line (start -1.65 0.73) (end -1.65 -0.73) (layer F.CrtYd) (width 0.05))
    (fp_line (start -1.65 -0.73) (end 1.65 -0.73) (layer F.CrtYd) (width 0.05))
    (fp_line (start 1.65 -0.73) (end 1.65 0.73) (layer F.CrtYd) (width 0.05))
    (fp_line (start 1.65 0.73) (end -1.65 0.73) (layer F.CrtYd) (width 0.05))
    (fp_text user %R (at 0 0 180) (layer F.Fab)
      (effects (font (size 0.4 0.4) (thickness 0.06)))
    )
    (pad 1 smd roundrect (at -0.875 0 180) (size 1.05 0.95) (layers F.Cu F.Paste F.Mask) (roundrect_rratio 0.25)
      (net 1 3V3))
    (pad 2 smd roundrect (at 0.875 0 180) (size 1.05 0.95) (layers F.Cu F.Paste F.Mask) (roundrect_rratio 0.25)
      (net 9 CD))
    (model ${KISYS3DMOD}/Resistor_SMD.3dshapes/R_0603_1608Metric.wrl
      (at (xyz 0 0 0))
      (scale (xyz 1 1 1))
      (rotate (xyz 0 0 0))
    )
    (model ${KISYS3DMOD}/Capacitor_SMD.3dshapes/C_0201_0603Metric.step
      (at (xyz 0 0 0))
      (scale (xyz 2 2 2))
      (rotate (xyz 0 0 0))
    )
  )

  (module Resistor_SMD:R_0603_1608Metric_Pad1.05x0.95mm_HandSolder (layer F.Cu) (tedit 5B301BBD) (tstamp 5C111B5F)
    (at 157 57.8 180)
    (descr "Resistor SMD 0603 (1608 Metric), square (rectangular) end terminal, IPC_7351 nominal with elongated pad for handsoldering. (Body size source: http://www.tortai-tech.com/upload/download/2011102023233369053.pdf), generated with kicad-footprint-generator")
    (tags "resistor handsolder")
    (path /5C03F855)
    (attr smd)
    (fp_text reference R10 (at -3.375 0 180) (layer F.SilkS)
      (effects (font (size 1 1) (thickness 0.15)))
    )
    (fp_text value 10K (at 0.125 0 180) (layer F.Fab)
      (effects (font (size 1 1) (thickness 0.15)))
    )
    (fp_text user %R (at 0 0 180) (layer F.Fab)
      (effects (font (size 0.4 0.4) (thickness 0.06)))
    )
    (fp_line (start 1.65 0.73) (end -1.65 0.73) (layer F.CrtYd) (width 0.05))
    (fp_line (start 1.65 -0.73) (end 1.65 0.73) (layer F.CrtYd) (width 0.05))
    (fp_line (start -1.65 -0.73) (end 1.65 -0.73) (layer F.CrtYd) (width 0.05))
    (fp_line (start -1.65 0.73) (end -1.65 -0.73) (layer F.CrtYd) (width 0.05))
    (fp_line (start -0.171267 0.51) (end 0.171267 0.51) (layer F.SilkS) (width 0.12))
    (fp_line (start -0.171267 -0.51) (end 0.171267 -0.51) (layer F.SilkS) (width 0.12))
    (fp_line (start 0.8 0.4) (end -0.8 0.4) (layer F.Fab) (width 0.1))
    (fp_line (start 0.8 -0.4) (end 0.8 0.4) (layer F.Fab) (width 0.1))
    (fp_line (start -0.8 -0.4) (end 0.8 -0.4) (layer F.Fab) (width 0.1))
    (fp_line (start -0.8 0.4) (end -0.8 -0.4) (layer F.Fab) (width 0.1))
    (pad 2 smd roundrect (at 0.875 0 180) (size 1.05 0.95) (layers F.Cu F.Paste F.Mask) (roundrect_rratio 0.25)
      (net 11 WP))
    (pad 1 smd roundrect (at -0.875 0 180) (size 1.05 0.95) (layers F.Cu F.Paste F.Mask) (roundrect_rratio 0.25)
      (net 1 3V3))
    (model ${KISYS3DMOD}/Resistor_SMD.3dshapes/R_0603_1608Metric.wrl
      (at (xyz 0 0 0))
      (scale (xyz 1 1 1))
      (rotate (xyz 0 0 0))
    )
    (model ${KISYS3DMOD}/Capacitor_SMD.3dshapes/C_0201_0603Metric.wrl
      (at (xyz 0 0 0))
      (scale (xyz 2 2 2))
      (rotate (xyz 0 0 0))
    )
  )

  (module parts:radiona-16mm (layer B.Cu) (tedit 0) (tstamp 5C114699)
    (at 144.75 53.5)
    (fp_text reference G*** (at 0 0) (layer B.SilkS) hide
      (effects (font (size 1.524 1.524) (thickness 0.3)) (justify mirror))
    )
    (fp_text value LOGO (at 0.75 0) (layer B.SilkS) hide
      (effects (font (size 1.524 1.524) (thickness 0.3)) (justify mirror))
    )
    (fp_poly (pts (xy 6.578443 2.508541) (xy 6.601832 2.46688) (xy 6.637875 2.400962) (xy 6.685051 2.313664)
      (xy 6.741842 2.207862) (xy 6.806728 2.086436) (xy 6.878189 1.95226) (xy 6.954707 1.808214)
      (xy 7.034761 1.657173) (xy 7.116832 1.502015) (xy 7.199401 1.345618) (xy 7.280948 1.190858)
      (xy 7.359954 1.040613) (xy 7.434899 0.89776) (xy 7.504265 0.765176) (xy 7.56653 0.645739)
      (xy 7.620177 0.542324) (xy 7.663685 0.457811) (xy 7.695535 0.395076) (xy 7.714208 0.356996)
      (xy 7.718609 0.346627) (xy 7.716408 0.341706) (xy 7.705978 0.337466) (xy 7.685058 0.333858)
      (xy 7.651388 0.330833) (xy 7.602707 0.328342) (xy 7.536754 0.326336) (xy 7.45127 0.324766)
