(kicad_pcb (version 20171130) (host pcbnew "(5.1.4)-1")

  (general
    (thickness 1.6)
    (drawings 22)
    (tracks 586)
    (zones 0)
    (modules 27)
    (nets 34)
  )

  (page A4)
  (layers
    (0 F.Cu signal)
    (31 B.Cu signal)
    (32 B.Adhes user hide)
    (33 F.Adhes user hide)
    (34 B.Paste user hide)
    (35 F.Paste user hide)
    (36 B.SilkS user)
    (37 F.SilkS user)
    (38 B.Mask user)
    (39 F.Mask user)
    (40 Dwgs.User user hide)
    (41 Cmts.User user hide)
    (42 Eco1.User user hide)
    (43 Eco2.User user hide)
    (44 Edge.Cuts user)
    (45 Margin user hide)
    (46 B.CrtYd user hide)
    (47 F.CrtYd user hide)
    (48 B.Fab user hide)
    (49 F.Fab user hide)
  )

  (setup
    (last_trace_width 0.25)
    (user_trace_width 0.2)
    (user_trace_width 0.25)
    (user_trace_width 0.5)
    (user_trace_width 0.75)
    (user_trace_width 1)
    (trace_clearance 0.2)
    (zone_clearance 0.508)
    (zone_45_only no)
    (trace_min 0.2)
    (via_size 0.8)
    (via_drill 0.4)
    (via_min_size 0.4)
    (via_min_drill 0.3)
    (user_via 0.6 0.3)
    (uvia_size 0.3)
    (uvia_drill 0.1)
    (uvias_allowed no)
    (uvia_min_size 0.2)
    (uvia_min_drill 0.1)
    (edge_width 0.15)
    (segment_width 0.2)
    (pcb_text_width 0.3)
    (pcb_text_size 1.5 1.5)
    (mod_edge_width 0.15)
    (mod_text_size 1 1)
    (mod_text_width 0.15)
    (pad_size 1.524 1.524)
    (pad_drill 0.762)
    (pad_to_mask_clearance 0.051)
    (solder_mask_min_width 0.25)
    (aux_axis_origin 0 0)
    (visible_elements 7FFFFFFF)
    (pcbplotparams
      (layerselection 0x010f0_ffffffff)
      (usegerberextensions false)
      (usegerberattributes false)
      (usegerberadvancedattributes false)
      (creategerberjobfile false)
      (excludeedgelayer true)
      (linewidth 0.100000)
      (plotframeref false)
      (viasonmask false)
      (mode 1)
      (useauxorigin false)
      (hpglpennumber 1)
      (hpglpenspeed 20)
      (hpglpendiameter 15.000000)
      (psnegative false)
      (psa4output false)
      (plotreference true)
      (plotvalue true)
      (plotinvisibletext false)
      (padsonsilk false)
      (subtractmaskfromsilk false)
      (outputformat 1)
      (mirror false)
      (drillshape 0)
      (scaleselection 1)
      (outputdirectory "Gerber/"))
  )

  (net 0 "")
  (net 1 GND)
  (net 2 +3V3)
  (net 3 +5V)
  (net 4 "Net-(D1-Pad2)")
  (net 5 GPDI_D2+)
  (net 6 GPDI_D1+)
  (net 7 GPDI_D0+)
  (net 8 GPDI_CLK+)
  (net 9 GPDI_ETH+)
  (net 10 GPDI_D2-)
  (net 11 GPDI_D1-)
  (net 12 GPDI_D0-)
  (net 13 GPDI_CLK-)
  (net 14 GPDI_ETH-)
  (net 15 "Net-(C13-Pad1)")
  (net 16 "Net-(D2-Pad1)")
  (net 17 LED_HDMI)
  (net 18 GPDI_SCL)
  (net 19 GPDI_SDA)
  (net 20 GPDI_CEC)
  (net 21 PMOD_SCL)
  (net 22 PMOD_SDA)
  (net 23 /D2+)
  (net 24 /D1+)
  (net 25 /D0+)
  (net 26 /CLK+)
  (net 27 /ETH+)
  (net 28 /D2-)
  (net 29 /D1-)
  (net 30 /D0-)
  (net 31 /ETH-)
  (net 32 /CEC)
  (net 33 /CLK-)

  (net_class Default "This is the default net class."
    (clearance 0.2)
    (trace_width 0.25)
    (via_dia 0.8)
    (via_drill 0.4)
    (uvia_dia 0.3)
    (uvia_drill 0.1)
    (add_net +3V3)
    (add_net +5V)
    (add_net /CEC)
    (add_net /CLK+)
    (add_net /CLK-)
    (add_net /D0+)
    (add_net /D0-)
    (add_net /D1+)
    (add_net /D1-)
    (add_net /D2+)
    (add_net /D2-)
    (add_net /ETH+)
    (add_net /ETH-)
    (add_net GND)
    (add_net GPDI_CEC)
    (add_net GPDI_CLK+)
    (add_net GPDI_CLK-)
    (add_net GPDI_D0+)
    (add_net GPDI_D0-)
    (add_net GPDI_D1+)
    (add_net GPDI_D1-)
    (add_net GPDI_D2+)
    (add_net GPDI_D2-)
    (add_net GPDI_ETH+)
    (add_net GPDI_ETH-)
    (add_net GPDI_SCL)
    (add_net GPDI_SDA)
    (add_net LED_HDMI)
    (add_net "Net-(C13-Pad1)")
    (add_net "Net-(D1-Pad2)")
    (add_net "Net-(D2-Pad1)")
    (add_net PMOD_SCL)
    (add_net PMOD_SDA)
  )

  (module HDMI:HDMI-D (layer F.Cu) (tedit 5DF0BF41) (tstamp 5DF138EE)
    (at 116.967 76.759 180)
    (descr "PADOVETE OT 1.6X0.28 STAVAT NA 1.6X0.25")
    (tags "PADOVETE OT 1.6X0.28 STAVAT NA 1.6X0.25")
    (path /5DF81DAE)
    (attr smd)
    (fp_text reference P1 (at 3.15 8.9) (layer F.SilkS)
      (effects (font (size 1.016 1.016) (thickness 0.254)))
    )
    (fp_text value HDMI-D (at -1.582 -0.08 90) (layer F.Fab)
      (effects (font (size 1.27 1.27) (thickness 0.254)))
    )
    (fp_line (start -5.59816 6.39826) (end -5.59816 5.4991) (layer F.SilkS) (width 0.254))
    (fp_line (start -5.59816 5.4991) (end -5.59816 4.89966) (layer F.SilkS) (width 0.254))
    (fp_line (start -5.59816 -4.89966) (end -5.59816 -5.4991) (layer F.SilkS) (width 0.254))
    (fp_line (start -5.59816 -5.4991) (end -5.59816 -6.39826) (layer F.SilkS) (width 0.254))
    (fp_line (start -2.19964 -7.49808) (end -0.04826 -7.49808) (layer F.SilkS) (width 0.254))
    (fp_line (start 3.1496 -7.49808) (end 6.0579 -7.49808) (layer F.SilkS) (width 0.254))
    (fp_line (start 6.0579 -7.49808) (end 6.0579 7.49808) (layer F.SilkS) (width 0.254))
    (fp_line (start 6.0579 7.49808) (end 3.1496 7.49808) (layer F.SilkS) (width 0.254))
    (fp_line (start -0.04826 7.49808) (end -2.19964 7.49808) (layer F.SilkS) (width 0.254))
    (fp_line (start -6.09854 -6.87324) (end -6.09854 -5.4991) (layer F.SilkS) (width 0.254))
    (fp_line (start -6.09854 -5.4991) (end -5.59816 -5.4991) (layer F.SilkS) (width 0.254))
    (fp_line (start -5.59816 5.4991) (end -6.09854 5.4991) (layer F.SilkS) (width 0.254))
    (fp_line (start -6.09854 5.4991) (end -6.09854 6.88594) (layer F.SilkS) (width 0.254))
    (fp_line (start 4.318 -1.99898) (end 0.3175 -2.99974) (layer F.SilkS) (width 0.254))
    (fp_line (start 0.3175 -2.99974) (end 0.3175 -3.99796) (layer F.SilkS) (width 0.254))
    (fp_line (start 0.3175 -3.99796) (end 4.318 -4.99872) (layer F.SilkS) (width 0.254))
    (fp_line (start 4.318 1.99898) (end 0.3175 2.99974) (layer F.SilkS) (width 0.254))
    (fp_line (start 0.3175 2.99974) (end 0.3175 3.99796) (layer F.SilkS) (width 0.254))
    (fp_line (start 0.3175 3.99796) (end 4.318 4.99872) (layer F.SilkS) (width 0.254))
    (pad 0 thru_hole oval (at -4.6 7.3 90) (size 1.3 2.7) (drill oval 0.8 2.2) (layers *.Cu *.Mask F.SilkS)
      (net 1 GND))
    (pad 0 thru_hole oval (at -4.6 -7.3 90) (size 1.3 2.7) (drill oval 0.8 2.2) (layers *.Cu *.Mask F.SilkS)
      (net 1 GND))
    (pad 0 thru_hole oval (at 1.45 -7.3 90) (size 1.3 2.3) (drill oval 0.8 1.8) (layers *.Cu *.Mask F.SilkS)
      (net 1 GND))
    (pad 1 smd rect (at -5.55 -4.5 180) (size 1.6 0.25) (layers F.Cu F.Paste F.Mask)
      (net 23 /D2+) (solder_mask_margin 0.05) (solder_paste_margin -0.01))
    (pad 2 smd rect (at -5.55 -4 180) (size 1.6 0.25) (layers F.Cu F.Paste F.Mask)
      (net 1 GND) (solder_mask_margin 0.05) (solder_paste_margin -0.01))
    (pad 3 smd rect (at -5.55 -3.5 180) (size 1.6 0.25) (layers F.Cu F.Paste F.Mask)
      (net 28 /D2-) (solder_mask_margin 0.05) (solder_paste_margin -0.01))
    (pad 4 smd rect (at -5.55 -3 180) (size 1.6 0.25) (layers F.Cu F.Paste F.Mask)
      (net 24 /D1+) (solder_mask_margin 0.05) (solder_paste_margin -0.01))
    (pad 5 smd rect (at -5.55 -2.5 180) (size 1.6 0.25) (layers F.Cu F.Paste F.Mask)
      (net 1 GND) (solder_mask_margin 0.05) (solder_paste_margin -0.01))
    (pad 6 smd rect (at -5.55 -2 180) (size 1.6 0.25) (layers F.Cu F.Paste F.Mask)
      (net 29 /D1-) (solder_mask_margin 0.05) (solder_paste_margin -0.01))
    (pad 7 smd rect (at -5.55 -1.5 180) (size 1.6 0.25) (layers F.Cu F.Paste F.Mask)
      (net 25 /D0+) (solder_mask_margin 0.05) (solder_paste_margin -0.01))
    (pad 8 smd rect (at -5.55 -1 180) (size 1.6 0.25) (layers F.Cu F.Paste F.Mask)
      (net 1 GND) (solder_mask_margin 0.05) (solder_paste_margin -0.01))
    (pad 9 smd rect (at -5.55 -0.5 180) (size 1.6 0.25) (layers F.Cu F.Paste F.Mask)
      (net 30 /D0-) (solder_mask_margin 0.05) (solder_paste_margin -0.01))
    (pad 10 smd rect (at -5.55 0 180) (size 1.6 0.25) (layers F.Cu F.Paste F.Mask)
      (net 26 /CLK+) (solder_mask_margin 0.05) (solder_paste_margin -0.01))
    (pad 11 smd rect (at -5.55 0.5 180) (size 1.6 0.25) (layers F.Cu F.Paste F.Mask)
      (net 1 GND) (solder_mask_margin 0.05) (solder_paste_margin -0.01))
    (pad 12 smd rect (at -5.55 1 180) (size 1.6 0.25) (layers F.Cu F.Paste F.Mask)
      (net 33 /CLK-) (solder_mask_margin 0.05) (solder_paste_margin -0.01))
    (pad 13 smd rect (at -5.55 1.5 180) (size 1.6 0.25) (layers F.Cu F.Paste F.Mask)
      (net 32 /CEC) (solder_mask_margin 0.05) (solder_paste_margin -0.01))
    (pad 14 smd rect (at -5.55 2 180) (size 1.6 0.25) (layers F.Cu F.Paste F.Mask)
      (net 27 /ETH+) (solder_mask_margin 0.05) (solder_paste_margin -0.01))
    (pad 15 smd rect (at -5.55 2.5 180) (size 1.6 0.25) (layers F.Cu F.Paste F.Mask)
      (net 18 GPDI_SCL) (solder_mask_margin 0.05) (solder_paste_margin -0.01))
    (pad 16 smd rect (at -5.55 3 180) (size 1.6 0.25) (layers F.Cu F.Paste F.Mask)
      (net 19 GPDI_SDA) (solder_mask_margin 0.05) (solder_paste_margin -0.01))
    (pad 17 smd rect (at -5.55 3.5 180) (size 1.6 0.25) (layers F.Cu F.Paste F.Mask)
      (net 1 GND) (solder_mask_margin 0.05) (solder_paste_margin -0.01))
    (pad 18 smd rect (at -5.55 4 180) (size 1.6 0.25) (layers F.Cu F.Paste F.Mask)
      (net 3 +5V) (solder_mask_margin 0.05) (solder_paste_margin -0.01))
    (pad 19 smd rect (at -5.55 4.5 180) (size 1.6 0.25) (layers F.Cu F.Paste F.Mask)
      (net 31 /ETH-) (solder_mask_margin 0.05) (solder_paste_margin -0.01))
    (pad 0 thru_hole oval (at 1.45 7.3 90) (size 1.3 2.3) (drill oval 0.8 1.8) (layers *.Cu *.Mask F.SilkS)
      (net 1 GND))
    (model :HDMI:hdmi-d.3dshapes/hdmi-d.wrl
      (offset (xyz 6.5 0.1 3.5))
      (scale (xyz 0.4 0.4 0.4))
      (rotate (xyz 90 -180 90))
    )
  )

  (module Capacitor_SMD:C_0603_1608Metric_Pad1.05x0.95mm_HandSolder (layer F.Cu) (tedit 5B301BBE) (tstamp 5DF13262)
    (at 127.113 70.104 180)
    (descr "Capacitor SMD 0603 (1608 Metric), square (rectangular) end terminal, IPC_7351 nominal with elongated pad for handsoldering. (Body size source: http://www.tortai-tech.com/upload/download/2011102023233369053.pdf), generated with kicad-footprint-generator")
    (tags "capacitor handsolder")
    (path /5DF28E7E)
    (attr smd)
    (fp_text reference C10 (at 0 0) (layer F.SilkS)
      (effects (font (size 1 1) (thickness 0.15)))
    )
    (fp_text value 220nF (at 0 1.43) (layer F.Fab)
      (effects (font (size 1 1) (thickness 0.15)))
    )
    (fp_text user %R (at 0 0) (layer F.Fab)
      (effects (font (size 0.4 0.4) (thickness 0.06)))
    )
    (fp_line (start 1.65 0.73) (end -1.65 0.73) (layer F.CrtYd) (width 0.05))
    (fp_line (start 1.65 -0.73) (end 1.65 0.73) (layer F.CrtYd) (width 0.05))
    (fp_line (start -1.65 -0.73) (end 1.65 -0.73) (layer F.CrtYd) (width 0.05))
    (fp_line (start -1.65 0.73) (end -1.65 -0.73) (layer F.CrtYd) (width 0.05))
    (fp_line (start -0.171267 0.51) (end 0.171267 0.51) (layer F.SilkS) (width 0.12))
    (fp_line (start -0.171267 -0.51) (end 0.171267 -0.51) (layer F.SilkS) (width 0.12))
    (fp_line (start 0.8 0.4) (end -0.8 0.4) (layer F.Fab) (width 0.1))
    (fp_line (start 0.8 -0.4) (end 0.8 0.4) (layer F.Fab) (width 0.1))
    (fp_line (start -0.8 -0.4) (end 0.8 -0.4) (layer F.Fab) (width 0.1))
    (fp_line (start -0.8 0.4) (end -0.8 -0.4) (layer F.Fab) (width 0.1))
    (pad 2 smd roundrect (at 0.875 0 180) (size 1.05 0.95) (layers F.Cu F.Paste F.Mask) (roundrect_rratio 0.25)
      (net 31 /ETH-))
    (pad 1 smd roundrect (at -0.875 0 180) (size 1.05 0.95) (layers F.Cu F.Paste F.Mask) (roundrect_rratio 0.25)
      (net 14 GPDI_ETH-))
    (model ${KISYS3DMOD}/Capacitor_SMD.3dshapes/C_0603_1608Metric.wrl
      (at (xyz 0 0 0))
      (scale (xyz 1 1 1))
      (rotate (xyz 0 0 0))
    )
  )

  (module Resistor_SMD:R_0603_1608Metric_Pad1.05x0.95mm_HandSolder (layer F.Cu) (tedit 5B301BBD) (tstamp 5DF15732)
    (at 137.541 71.628 270)
    (descr "Resistor SMD 0603 (1608 Metric), square (rectangular) end terminal, IPC_7351 nominal with elongated pad for handsoldering. (Body size source: http://www.tortai-tech.com/upload/download/2011102023233369053.pdf), generated with kicad-footprint-generator")
    (tags "resistor handsolder")
    (path /5DF0E527)
    (attr smd)
    (fp_text reference R2 (at 0 -0.127 90) (layer F.SilkS)
      (effects (font (size 1 1) (thickness 0.15)))
    )
    (fp_text value 4.7k (at 0 1.43 90) (layer F.Fab)
      (effects (font (size 1 1) (thickness 0.15)))
    )
    (fp_line (start -0.8 0.4) (end -0.8 -0.4) (layer F.Fab) (width 0.1))
    (fp_line (start -0.8 -0.4) (end 0.8 -0.4) (layer F.Fab) (width 0.1))
    (fp_line (start 0.8 -0.4) (end 0.8 0.4) (layer F.Fab) (width 0.1))
    (fp_line (start 0.8 0.4) (end -0.8 0.4) (layer F.Fab) (width 0.1))
    (fp_line (start -0.171267 -0.51) (end 0.171267 -0.51) (layer F.SilkS) (width 0.12))
    (fp_line (start -0.171267 0.51) (end 0.171267 0.51) (layer F.SilkS) (width 0.12))
    (fp_line (start -1.65 0.73) (end -1.65 -0.73) (layer F.CrtYd) (width 0.05))
    (fp_line (start -1.65 -0.73) (end 1.65 -0.73) (layer F.CrtYd) (width 0.05))
    (fp_line (start 1.65 -0.73) (end 1.65 0.73) (layer F.CrtYd) (width 0.05))
    (fp_line (start 1.65 0.73) (end -1.65 0.73) (layer F.CrtYd) (width 0.05))
    (fp_text user %R (at 0 0 90) (layer F.Fab)
      (effects (font (size 0.4 0.4) (thickness 0.06)))
    )
    (pad 1 smd roundrect (at -0.875 0 270) (size 1.05 0.95) (layers F.Cu F.Paste F.Mask) (roundrect_rratio 0.25)
      (net 16 "Net-(D2-Pad1)"))
    (pad 2 smd roundrect (at 0.875 0 270) (size 1.05 0.95) (layers F.Cu F.Paste F.Mask) (roundrect_rratio 0.25)
      (net 1 GND))
    (model ${KISYS3DMOD}/Resistor_SMD.3dshapes/R_0603_1608Metric.wrl
      (at (xyz 0 0 0))
      (scale (xyz 1 1 1))
      (rotate (xyz 0 0 0))
    )
  )

  (module Resistor_SMD:R_0603_1608Metric_Pad1.05x0.95mm_HandSolder (layer F.Cu) (tedit 5B301BBD) (tstamp 5DF0F1EF)
    (at 135.636 86.854 90)
    (descr "Resistor SMD 0603 (1608 Metric), square (rectangular) end terminal, IPC_7351 nominal with elongated pad for handsoldering. (Body size source: http://www.tortai-tech.com/upload/download/2011102023233369053.pdf), generated with kicad-footprint-generator")
    (tags "resistor handsolder")
    (path /5DF3CC39)
    (attr smd)
    (fp_text reference R3 (at 0 -0.127 90) (layer F.SilkS)
      (effects (font (size 1 1) (thickness 0.15)))
    )
    (fp_text value 3.3k (at 0 1.43 90) (layer F.Fab)
      (effects (font (size 1 1) (thickness 0.15)))
    )
    (fp_line (start -0.8 0.4) (end -0.8 -0.4) (layer F.Fab) (width 0.1))
    (fp_line (start -0.8 -0.4) (end 0.8 -0.4) (layer F.Fab) (width 0.1))
    (fp_line (start 0.8 -0.4) (end 0.8 0.4) (layer F.Fab) (width 0.1))
    (fp_line (start 0.8 0.4) (end -0.8 0.4) (layer F.Fab) (width 0.1))
    (fp_line (start -0.171267 -0.51) (end 0.171267 -0.51) (layer F.SilkS) (width 0.12))
    (fp_line (start -0.171267 0.51) (end 0.171267 0.51) (layer F.SilkS) (width 0.12))
    (fp_line (start -1.65 0.73) (end -1.65 -0.73) (layer F.CrtYd) (width 0.05))
    (fp_line (start -1.65 -0.73) (end 1.65 -0.73) (layer F.CrtYd) (width 0.05))
    (fp_line (start 1.65 -0.73) (end 1.65 0.73) (layer F.CrtYd) (width 0.05))
    (fp_line (start 1.65 0.73) (end -1.65 0.73) (layer F.CrtYd) (width 0.05))
    (fp_text user %R (at 0 0 90) (layer F.Fab)
      (effects (font (size 0.4 0.4) (thickness 0.06)))
    )
    (pad 1 smd roundrect (at -0.875 0 90) (size 1.05 0.95) (layers F.Cu F.Paste F.Mask) (roundrect_rratio 0.25)
      (net 2 +3V3))
    (pad 2 smd roundrect (at 0.875 0 90) (size 1.05 0.95) (layers F.Cu F.Paste F.Mask) (roundrect_rratio 0.25)
      (net 22 PMOD_SDA))
    (model ${KISYS3DMOD}/Resistor_SMD.3dshapes/R_0603_1608Metric.wrl
      (at (xyz 0 0 0))
      (scale (xyz 1 1 1))
      (rotate (xyz 0 0 0))
    )
  )

  (module Resistor_SMD:R_0603_1608Metric_Pad1.05x0.95mm_HandSolder (layer F.Cu) (tedit 5B301BBD) (tstamp 5DF0F200)
    (at 133.858 86.854 90)
    (descr "Resistor SMD 0603 (1608 Metric), square (rectangular) end terminal, IPC_7351 nominal with elongated pad for handsoldering. (Body size source: http://www.tortai-tech.com/upload/download/2011102023233369053.pdf), generated with kicad-footprint-generator")
    (tags "resistor handsolder")
    (path /5DF3CB15)
    (attr smd)
    (fp_text reference R4 (at -0.127 -0.127 270) (layer F.SilkS)
      (effects (font (size 1 1) (thickness 0.15)))
    )
    (fp_text value 3.3k (at 0 1.43 90) (layer F.Fab)
      (effects (font (size 1 1) (thickness 0.15)))
    )
    (fp_text user %R (at 0 0 90) (layer F.Fab)
      (effects (font (size 0.4 0.4) (thickness 0.06)))
    )
    (fp_line (start 1.65 0.73) (end -1.65 0.73) (layer F.CrtYd) (width 0.05))
    (fp_line (start 1.65 -0.73) (end 1.65 0.73) (layer F.CrtYd) (width 0.05))
    (fp_line (start -1.65 -0.73) (end 1.65 -0.73) (layer F.CrtYd) (width 0.05))
    (fp_line (start -1.65 0.73) (end -1.65 -0.73) (layer F.CrtYd) (width 0.05))
    (fp_line (start -0.171267 0.51) (end 0.171267 0.51) (layer F.SilkS) (width 0.12))
    (fp_line (start -0.171267 -0.51) (end 0.171267 -0.51) (layer F.SilkS) (width 0.12))
    (fp_line (start 0.8 0.4) (end -0.8 0.4) (layer F.Fab) (width 0.1))
    (fp_line (start 0.8 -0.4) (end 0.8 0.4) (layer F.Fab) (width 0.1))
    (fp_line (start -0.8 -0.4) (end 0.8 -0.4) (layer F.Fab) (width 0.1))
    (fp_line (start -0.8 0.4) (end -0.8 -0.4) (layer F.Fab) (width 0.1))
    (pad 2 smd roundrect (at 0.875 0 90) (size 1.05 0.95) (layers F.Cu F.Paste F.Mask) (roundrect_rratio 0.25)
      (net 21 PMOD_SCL))
    (pad 1 smd roundrect (at -0.875 0 90) (size 1.05 0.95) (layers F.Cu F.Paste F.Mask) (roundrect_rratio 0.25)
      (net 2 +3V3))
    (model ${KISYS3DMOD}/Resistor_SMD.3dshapes/R_0603_1608Metric.wrl
      (at (xyz 0 0 0))
      (scale (xyz 1 1 1))
      (rotate (xyz 0 0 0))
    )
  )

  (module Resistor_SMD:R_0603_1608Metric_Pad1.05x0.95mm_HandSolder (layer F.Cu) (tedit 5B301BBD) (tstamp 5DF1A187)
    (at 137.541 76.454 90)
    (descr "Resistor SMD 0603 (1608 Metric), square (rectangular) end terminal, IPC_7351 nominal with elongated pad for handsoldering. (Body size source: http://www.tortai-tech.com/upload/download/2011102023233369053.pdf), generated with kicad-footprint-generator")
    (tags "resistor handsolder")
    (path /5DF3B85F)
    (attr smd)
    (fp_text reference R5 (at 0 0 90) (layer F.SilkS)
      (effects (font (size 1 1) (thickness 0.15)))
    )
    (fp_text value 100k (at 0 1.43 90) (layer F.Fab)
      (effects (font (size 1 1) (thickness 0.15)))
    )
    (fp_text user %R (at 0 0 90) (layer F.Fab)
      (effects (font (size 0.4 0.4) (thickness 0.06)))
    )
    (fp_line (start 1.65 0.73) (end -1.65 0.73) (layer F.CrtYd) (width 0.05))
    (fp_line (start 1.65 -0.73) (end 1.65 0.73) (layer F.CrtYd) (width 0.05))
    (fp_line (start -1.65 -0.73) (end 1.65 -0.73) (layer F.CrtYd) (width 0.05))
    (fp_line (start -1.65 0.73) (end -1.65 -0.73) (layer F.CrtYd) (width 0.05))
    (fp_line (start -0.171267 0.51) (end 0.171267 0.51) (layer F.SilkS) (width 0.12))
    (fp_line (start -0.171267 -0.51) (end 0.171267 -0.51) (layer F.SilkS) (width 0.12))
    (fp_line (start 0.8 0.4) (end -0.8 0.4) (layer F.Fab) (width 0.1))
    (fp_line (start 0.8 -0.4) (end 0.8 0.4) (layer F.Fab) (width 0.1))
    (fp_line (start -0.8 -0.4) (end 0.8 -0.4) (layer F.Fab) (width 0.1))
    (fp_line (start -0.8 0.4) (end -0.8 -0.4) (layer F.Fab) (width 0.1))
    (pad 2 smd roundrect (at 0.875 0 90) (size 1.05 0.95) (layers F.Cu F.Paste F.Mask) (roundrect_rratio 0.25)
      (net 15 "Net-(C13-Pad1)"))
    (pad 1 smd roundrect (at -0.875 0 90) (size 1.05 0.95) (layers F.Cu F.Paste F.Mask) (roundrect_rratio 0.25)
      (net 3 +5V))
    (model ${KISYS3DMOD}/Resistor_SMD.3dshapes/R_0603_1608Metric.wrl
      (at (xyz 0 0 0))
      (scale (xyz 1 1 1))
      (rotate (xyz 0 0 0))
    )
  )

  (module LED_SMD:LED_0603_1608Metric_Pad1.05x0.95mm_HandSolder (layer F.Cu) (tedit 5B4B45C9) (tstamp 5DF156FE)
    (at 139.827 71.755 270)
    (descr "LED SMD 0603 (1608 Metric), square (rectangular) end terminal, IPC_7351 nominal, (Body size source: http://www.tortai-tech.com/upload/download/2011102023233369053.pdf), generated with kicad-footprint-generator")
    (tags "LED handsolder")
    (path /5DF0D47E)
    (attr smd)
    (fp_text reference D2 (at -0.014 0 90) (layer F.SilkS)
      (effects (font (size 1 1) (thickness 0.15)))
    )
    (fp_text value LED (at 0 1.43 90) (layer F.Fab)
      (effects (font (size 1 1) (thickness 0.15)))
    )
    (fp_line (start 0.8 -0.4) (end -0.5 -0.4) (layer F.Fab) (width 0.1))
    (fp_line (start -0.5 -0.4) (end -0.8 -0.1) (layer F.Fab) (width 0.1))
    (fp_line (start -0.8 -0.1) (end -0.8 0.4) (layer F.Fab) (width 0.1))
    (fp_line (start -0.8 0.4) (end 0.8 0.4) (layer F.Fab) (width 0.1))
    (fp_line (start 0.8 0.4) (end 0.8 -0.4) (layer F.Fab) (width 0.1))
    (fp_line (start 0.8 -0.735) (end -1.66 -0.735) (layer F.SilkS) (width 0.12))
    (fp_line (start -1.66 -0.735) (end -1.66 0.735) (layer F.SilkS) (width 0.12))
    (fp_line (start -1.66 0.735) (end 0.8 0.735) (layer F.SilkS) (width 0.12))
    (fp_line (start -1.65 0.73) (end -1.65 -0.73) (layer F.CrtYd) (width 0.05))
    (fp_line (start -1.65 -0.73) (end 1.65 -0.73) (layer F.CrtYd) (width 0.05))
    (fp_line (start 1.65 -0.73) (end 1.65 0.73) (layer F.CrtYd) (width 0.05))
    (fp_line (start 1.65 0.73) (end -1.65 0.73) (layer F.CrtYd) (width 0.05))
    (fp_text user %R (at 0 0 90) (layer F.Fab)
      (effects (font (size 0.4 0.4) (thickness 0.06)))
    )
    (pad 1 smd roundrect (at -0.875 0 270) (size 1.05 0.95) (layers F.Cu F.Paste F.Mask) (roundrect_rratio 0.25)
      (net 16 "Net-(D2-Pad1)"))
    (pad 2 smd roundrect (at 0.875 0 270) (size 1.05 0.95) (layers F.Cu F.Paste F.Mask) (roundrect_rratio 0.25)
      (net 17 LED_HDMI))
    (model ${KISYS3DMOD}/LED_SMD.3dshapes/LED_0603_1608Metric.wrl
      (at (xyz 0 0 0))
      (scale (xyz 1 1 1))
      (rotate (xyz 0 0 0))
    )
  )

  (module Capacitor_SMD:C_0603_1608Metric_Pad1.05x0.95mm_HandSolder (layer F.Cu) (tedit 5B301BBE) (tstamp 5DF0F100)
    (at 140.843 67.691 90)
    (descr "Capacitor SMD 0603 (1608 Metric), square (rectangular) end terminal, IPC_7351 nominal with elongated pad for handsoldering. (Body size source: http://www.tortai-tech.com/upload/download/2011102023233369053.pdf), generated with kicad-footprint-generator")
    (tags "capacitor handsolder")
    (path /5DF4CBAA)
    (attr smd)
    (fp_text reference C13 (at 0 0 90) (layer F.SilkS)
      (effects (font (size 1 1) (thickness 0.15)))
    )
    (fp_text value 470pF (at 0 1.43 90) (layer F.Fab)
      (effects (font (size 1 1) (thickness 0.15)))
    )
    (fp_line (start -0.8 0.4) (end -0.8 -0.4) (layer F.Fab) (width 0.1))
    (fp_line (start -0.8 -0.4) (end 0.8 -0.4) (layer F.Fab) (width 0.1))
    (fp_line (start 0.8 -0.4) (end 0.8 0.4) (layer F.Fab) (width 0.1))
    (fp_line (start 0.8 0.4) (end -0.8 0.4) (layer F.Fab) (width 0.1))
    (fp_line (start -0.171267 -0.51) (end 0.171267 -0.51) (layer F.SilkS) (width 0.12))
    (fp_line (start -0.171267 0.51) (end 0.171267 0.51) (layer F.SilkS) (width 0.12))
    (fp_line (start -1.65 0.73) (end -1.65 -0.73) (layer F.CrtYd) (width 0.05))
    (fp_line (start -1.65 -0.73) (end 1.65 -0.73) (layer F.CrtYd) (width 0.05))
    (fp_line (start 1.65 -0.73) (end 1.65 0.73) (layer F.CrtYd) (width 0.05))
    (fp_line (start 1.65 0.73) (end -1.65 0.73) (layer F.CrtYd) (width 0.05))
    (fp_text user %R (at 0 0 90) (layer F.Fab)
      (effects (font (size 0.4 0.4) (thickness 0.06)))
    )
    (pad 1 smd roundrect (at -0.875 0 90) (size 1.05 0.95) (layers F.Cu F.Paste F.Mask) (roundrect_rratio 0.25)
      (net 15 "Net-(C13-Pad1)"))
    (pad 2 smd roundrect (at 0.875 0 90) (size 1.05 0.95) (layers F.Cu F.Paste F.Mask) (roundrect_rratio 0.25)
      (net 1 GND))
    (model ${KISYS3DMOD}/Capacitor_SMD.3dshapes/C_0603_1608Metric.wrl
      (at (xyz 0 0 0))
      (scale (xyz 1 1 1))
      (rotate (xyz 0 0 0))
    )
  )

  (module Resistor_SMD:R_0603_1608Metric_Pad1.05x0.95mm_HandSolder (layer F.Cu) (tedit 5B301BBD) (tstamp 5DF16E21)
    (at 130.81 67.691 270)
    (descr "Resistor SMD 0603 (1608 Metric), square (rectangular) end terminal, IPC_7351 nominal with elongated pad for handsoldering. (Body size source: http://www.tortai-tech.com/upload/download/2011102023233369053.pdf), generated with kicad-footprint-generator")
    (tags "resistor handsolder")
    (path /5DF3C887)
    (attr smd)
    (fp_text reference R6 (at -0.127 -0.127 90) (layer F.SilkS)
      (effects (font (size 1 1) (thickness 0.15)))
    )
    (fp_text value 4.7k (at 0 1.43 90) (layer F.Fab)
      (effects (font (size 1 1) (thickness 0.15)))
    )
    (fp_text user %R (at 0 0 90) (layer F.Fab)
      (effects (font (size 0.4 0.4) (thickness 0.06)))
    )
    (fp_line (start 1.65 0.73) (end -1.65 0.73) (layer F.CrtYd) (width 0.05))
    (fp_line (start 1.65 -0.73) (end 1.65 0.73) (layer F.CrtYd) (width 0.05))
    (fp_line (start -1.65 -0.73) (end 1.65 -0.73) (layer F.CrtYd) (width 0.05))
    (fp_line (start -1.65 0.73) (end -1.65 -0.73) (layer F.CrtYd) (width 0.05))
    (fp_line (start -0.171267 0.51) (end 0.171267 0.51) (layer F.SilkS) (width 0.12))
    (fp_line (start -0.171267 -0.51) (end 0.171267 -0.51) (layer F.SilkS) (width 0.12))
    (fp_line (start 0.8 0.4) (end -0.8 0.4) (layer F.Fab) (width 0.1))
    (fp_line (start 0.8 -0.4) (end 0.8 0.4) (layer F.Fab) (width 0.1))
    (fp_line (start -0.8 -0.4) (end 0.8 -0.4) (layer F.Fab) (width 0.1))
    (fp_line (start -0.8 0.4) (end -0.8 -0.4) (layer F.Fab) (width 0.1))
    (pad 2 smd roundrect (at 0.875 0 270) (size 1.05 0.95) (layers F.Cu F.Paste F.Mask) (roundrect_rratio 0.25)
      (net 18 GPDI_SCL))
    (pad 1 smd roundrect (at -0.875 0 270) (size 1.05 0.95) (layers F.Cu F.Paste F.Mask) (roundrect_rratio 0.25)
      (net 3 +5V))
    (model ${KISYS3DMOD}/Resistor_SMD.3dshapes/R_0603_1608Metric.wrl
      (at (xyz 0 0 0))
      (scale (xyz 1 1 1))
      (rotate (xyz 0 0 0))
    )
  )

  (module Resistor_SMD:R_0603_1608Metric_Pad1.05x0.95mm_HandSolder (layer F.Cu) (tedit 5B301BBD) (tstamp 5DF0F233)
    (at 132.334 67.705 270)
    (descr "Resistor SMD 0603 (1608 Metric), square (rectangular) end terminal, IPC_7351 nominal with elongated pad for handsoldering. (Body size source: http://www.tortai-tech.com/upload/download/2011102023233369053.pdf), generated with kicad-footprint-generator")
    (tags "resistor handsolder")
    (path /5DF3CA53)
    (attr smd)
    (fp_text reference R7 (at 0.014 0 90) (layer F.SilkS)
      (effects (font (size 1 1) (thickness 0.15)))
    )
    (fp_text value 4.7k (at 0 1.43 90) (layer F.Fab)
      (effects (font (size 1 1) (thickness 0.15)))
    )
    (fp_line (start -0.8 0.4) (end -0.8 -0.4) (layer F.Fab) (width 0.1))
    (fp_line (start -0.8 -0.4) (end 0.8 -0.4) (layer F.Fab) (width 0.1))
    (fp_line (start 0.8 -0.4) (end 0.8 0.4) (layer F.Fab) (width 0.1))
    (fp_line (start 0.8 0.4) (end -0.8 0.4) (layer F.Fab) (width 0.1))
    (fp_line (start -0.171267 -0.51) (end 0.171267 -0.51) (layer F.SilkS) (width 0.12))
    (fp_line (start -0.171267 0.51) (end 0.171267 0.51) (layer F.SilkS) (width 0.12))
    (fp_line (start -1.65 0.73) (end -1.65 -0.73) (layer F.CrtYd) (width 0.05))
    (fp_line (start -1.65 -0.73) (end 1.65 -0.73) (layer F.CrtYd) (width 0.05))
    (fp_line (start 1.65 -0.73) (end 1.65 0.73) (layer F.CrtYd) (width 0.05))
    (fp_line (start 1.65 0.73) (end -1.65 0.73) (layer F.CrtYd) (width 0.05))
    (fp_text user %R (at 0 0 90) (layer F.Fab)
      (effects (font (size 0.4 0.4) (thickness 0.06)))
    )
    (pad 1 smd roundrect (at -0.875 0 270) (size 1.05 0.95) (layers F.Cu F.Paste F.Mask) (roundrect_rratio 0.25)
      (net 3 +5V))
    (pad 2 smd roundrect (at 0.875 0 270) (size 1.05 0.95) (layers F.Cu F.Paste F.Mask) (roundrect_rratio 0.25)
      (net 19 GPDI_SDA))
    (model ${KISYS3DMOD}/Resistor_SMD.3dshapes/R_0603_1608Metric.wrl
      (at (xyz 0 0 0))
      (scale (xyz 1 1 1))
      (rotate (xyz 0 0 0))
    )
  )

  (module Resistor_SMD:R_0603_1608Metric_Pad1.05x0.95mm_HandSolder (layer F.Cu) (tedit 5B301BBD) (tstamp 5DF0F1CD)
    (at 133.858 67.705 90)
    (descr "Resistor SMD 0603 (1608 Metric), square (rectangular) end terminal, IPC_7351 nominal with elongated pad for handsoldering. (Body size source: http://www.tortai-tech.com/upload/download/2011102023233369053.pdf), generated with kicad-footprint-generator")
    (tags "resistor handsolder")
    (path /5DF0860C)
    (attr smd)
    (fp_text reference R1 (at 0 0 90) (layer F.SilkS)
      (effects (font (size 1 1) (thickness 0.15)))
    )
    (fp_text value 510 (at 0 1.43 90) (layer F.Fab)
      (effects (font (size 1 1) (thickness 0.15)))
    )
    (fp_line (start -0.8 0.4) (end -0.8 -0.4) (layer F.Fab) (width 0.1))
    (fp_line (start -0.8 -0.4) (end 0.8 -0.4) (layer F.Fab) (width 0.1))
    (fp_line (start 0.8 -0.4) (end 0.8 0.4) (layer F.Fab) (width 0.1))
    (fp_line (start 0.8 0.4) (end -0.8 0.4) (layer F.Fab) (width 0.1))
    (fp_line (start -0.171267 -0.51) (end 0.171267 -0.51) (layer F.SilkS) (width 0.12))
    (fp_line (start -0.171267 0.51) (end 0.171267 0.51) (layer F.SilkS) (width 0.12))
    (fp_line (start -1.65 0.73) (end -1.65 -0.73) (layer F.CrtYd) (width 0.05))
    (fp_line (start -1.65 -0.73) (end 1.65 -0.73) (layer F.CrtYd) (width 0.05))
    (fp_line (start 1.65 -0.73) (end 1.65 0.73) (layer F.CrtYd) (width 0.05))
    (fp_line (start 1.65 0.73) (end -1.65 0.73) (layer F.CrtYd) (width 0.05))
    (fp_text user %R (at 0 0 90) (layer F.Fab)
      (effects (font (size 0.4 0.4) (thickness 0.06)))
    )
    (pad 1 smd roundrect (at -0.875 0 90) (size 1.05 0.95) (layers F.Cu F.Paste F.Mask) (roundrect_rratio 0.25)
      (net 32 /CEC))
    (pad 2 smd roundrect (at 0.875 0 90) (size 1.05 0.95) (layers F.Cu F.Paste F.Mask) (roundrect_rratio 0.25)
      (net 20 GPDI_CEC))
    (model ${KISYS3DMOD}/Resistor_SMD.3dshapes/R_0603_1608Metric.wrl
      (at (xyz 0 0 0))
      (scale (xyz 1 1 1))
      (rotate (xyz 0 0 0))
    )
  )

  (module Package_SO:SSOP-8_2.95x2.8mm_P0.65mm (layer F.Cu) (tedit 5A02F25C) (tstamp 5DF1824D)
    (at 133.858 81.534 180)
    (descr "SSOP-8 2.9 x2.8mm Pitch 0.65mm")
    (tags "SSOP-8 2.95x2.8mm Pitch 0.65mm")
    (path /5DF3727D)
    (attr smd)
    (fp_text reference U2 (at 0.127 0) (layer F.SilkS)
      (effects (font (size 1 1) (thickness 0.15)))
    )
    (fp_text value PCA9306 (at 0 2.6) (layer F.Fab)
      (effects (font (size 1 1) (thickness 0.15)))
    )
    (fp_line (start -2.75 -1.65) (end 2.75 -1.65) (layer F.CrtYd) (width 0.05))
    (fp_line (start -2.75 1.65) (end -2.75 -1.65) (layer F.CrtYd) (width 0.05))
    (fp_line (start 2.75 1.65) (end -2.75 1.65) (layer F.CrtYd) (width 0.05))
    (fp_line (start 2.75 -1.65) (end 2.75 1.65) (layer F.CrtYd) (width 0.05))
    (fp_line (start 1.5 1.5) (end -1.5 1.5) (layer F.SilkS) (width 0.12))
    (fp_line (start 1.5 -1.5) (end -2.5 -1.5) (layer F.SilkS) (width 0.12))
    (fp_line (start -0.475 -1.4) (end -1.475 -0.7) (layer F.Fab) (width 0.1))
    (fp_line (start -0.475 -1.4) (end 1.475 -1.4) (layer F.Fab) (width 0.1))
    (fp_line (start -1.475 1.4) (end -1.475 -0.7) (layer F.Fab) (width 0.1))
    (fp_line (start 1.475 1.4) (end -1.475 1.4) (layer F.Fab) (width 0.1))
    (fp_line (start 1.475 -1.4) (end 1.475 1.4) (layer F.Fab) (width 0.1))
    (fp_text user %R (at 0 0) (layer F.Fab)
      (effects (font (size 0.6 0.6) (thickness 0.15)))
    )
    (pad 1 smd rect (at -1.7 -0.975 90) (size 0.3 1.6) (layers F.Cu F.Paste F.Mask)
      (net 1 GND))
    (pad 2 smd rect (at -1.7 -0.325 90) (size 0.3 1.6) (layers F.Cu F.Paste F.Mask)
      (net 2 +3V3))
    (pad 3 smd rect (at -1.7 0.325 90) (size 0.3 1.6) (layers F.Cu F.Paste F.Mask)
      (net 21 PMOD_SCL))
    (pad 4 smd rect (at -1.7 0.975 90) (size 0.3 1.6) (layers F.Cu F.Paste F.Mask)
      (net 22 PMOD_SDA))
    (pad 5 smd rect (at 1.7 0.975 90) (size 0.3 1.6) (layers F.Cu F.Paste F.Mask)
      (net 19 GPDI_SDA))
    (pad 6 smd rect (at 1.7 0.325 90) (size 0.3 1.6) (layers F.Cu F.Paste F.Mask)
      (net 18 GPDI_SCL))
    (pad 7 smd rect (at 1.7 -0.325 90) (size 0.3 1.6) (layers F.Cu F.Paste F.Mask)
      (net 15 "Net-(C13-Pad1)"))
    (pad 8 smd rect (at 1.7 -0.975 90) (size 0.3 1.6) (layers F.Cu F.Paste F.Mask)
      (net 2 +3V3))
    (model ${KISYS3DMOD}/Package_SO.3dshapes/SSOP-8_2.95x2.8mm_P0.65mm.wrl
      (at (xyz 0 0 0))
      (scale (xyz 1 1 1))
      (rotate (xyz 0 0 0))
    )
  )

  (module Capacitor_SMD:C_0603_1608Metric_Pad1.05x0.95mm_HandSolder (layer F.Cu) (tedit 5B301BBE) (tstamp 5DF142A0)
    (at 127.127 71.501 180)
    (descr "Capacitor SMD 0603 (1608 Metric), square (rectangular) end terminal, IPC_7351 nominal with elongated pad for handsoldering. (Body size source: http://www.tortai-tech.com/upload/download/2011102023233369053.pdf), generated with kicad-footprint-generator")
    (tags "capacitor handsolder")
    (path /5DF2713B)
    (attr smd)
    (fp_text reference C5 (at 0 -0.127) (layer F.SilkS)
      (effects (font (size 1 1) (thickness 0.15)))
    )
    (fp_text value 220nF (at 0 1.43) (layer F.Fab)
      (effects (font (size 1 1) (thickness 0.15)))
    )
    (fp_line (start -0.8 0.4) (end -0.8 -0.4) (layer F.Fab) (width 0.1))
    (fp_line (start -0.8 -0.4) (end 0.8 -0.4) (layer F.Fab) (width 0.1))
    (fp_line (start 0.8 -0.4) (end 0.8 0.4) (layer F.Fab) (width 0.1))
    (fp_line (start 0.8 0.4) (end -0.8 0.4) (layer F.Fab) (width 0.1))
    (fp_line (start -0.171267 -0.51) (end 0.171267 -0.51) (layer F.SilkS) (width 0.12))
    (fp_line (start -0.171267 0.51) (end 0.171267 0.51) (layer F.SilkS) (width 0.12))
    (fp_line (start -1.65 0.73) (end -1.65 -0.73) (layer F.CrtYd) (width 0.05))
    (fp_line (start -1.65 -0.73) (end 1.65 -0.73) (layer F.CrtYd) (width 0.05))
    (fp_line (start 1.65 -0.73) (end 1.65 0.73) (layer F.CrtYd) (width 0.05))
    (fp_line (start 1.65 0.73) (end -1.65 0.73) (layer F.CrtYd) (width 0.05))
    (fp_text user %R (at 0 0) (layer F.Fab)
      (effects (font (size 0.4 0.4) (thickness 0.06)))
    )
    (pad 1 smd roundrect (at -0.875 0 180) (size 1.05 0.95) (layers F.Cu F.Paste F.Mask) (roundrect_rratio 0.25)
      (net 9 GPDI_ETH+))
    (pad 2 smd roundrect (at 0.875 0 180) (size 1.05 0.95) (layers F.Cu F.Paste F.Mask) (roundrect_rratio 0.25)
      (net 27 /ETH+))
    (model ${KISYS3DMOD}/Capacitor_SMD.3dshapes/C_0603_1608Metric.wrl
      (at (xyz 0 0 0))
      (scale (xyz 1 1 1))
      (rotate (xyz 0 0 0))
    )
  )

  (module Connector_PinHeader_2.54mm:PinHeader_2x09_P2.54mm_Horizontal (layer F.Cu) (tedit 59FED5CB) (tstamp 5DF157FA)
    (at 143.764 67.31)
    (descr "Through hole angled pin header, 2x09, 2.54mm pitch, 6mm pin length, double rows")
    (tags "Through hole angled pin header THT 2x09 2.54mm double row")
    (path /5DEFC7F1)
    (fp_text reference J2 (at 5.655 -2.27) (layer F.SilkS)
      (effects (font (size 1 1) (thickness 0.15)))
    )
    (fp_text value PMOD (at 5.655 22.59) (layer F.Fab)
      (effects (font (size 1 1) (thickness 0.15)))
    )
    (fp_line (start 4.675 -1.27) (end 6.58 -1.27) (layer F.Fab) (width 0.1))
    (fp_line (start 6.58 -1.27) (end 6.58 21.59) (layer F.Fab) (width 0.1))
    (fp_line (start 6.58 21.59) (end 4.04 21.59) (layer F.Fab) (width 0.1))
    (fp_line (start 4.04 21.59) (end 4.04 -0.635) (layer F.Fab) (width 0.1))
    (fp_line (start 4.04 -0.635) (end 4.675 -1.27) (layer F.Fab) (width 0.1))
    (fp_line (start -0.32 -0.32) (end 4.04 -0.32) (layer F.Fab) (width 0.1))
    (fp_line (start -0.32 -0.32) (end -0.32 0.32) (layer F.Fab) (width 0.1))
    (fp_line (start -0.32 0.32) (end 4.04 0.32) (layer F.Fab) (width 0.1))
    (fp_line (start 6.58 -0.32) (end 12.58 -0.32) (layer F.Fab) (width 0.1))
    (fp_line (start 12.58 -0.32) (end 12.58 0.32) (layer F.Fab) (width 0.1))
    (fp_line (start 6.58 0.32) (end 12.58 0.32) (layer F.Fab) (width 0.1))
    (fp_line (start -0.32 2.22) (end 4.04 2.22) (layer F.Fab) (width 0.1))
    (fp_line (start -0.32 2.22) (end -0.32 2.86) (layer F.Fab) (width 0.1))
    (fp_line (start -0.32 2.86) (end 4.04 2.86) (layer F.Fab) (width 0.1))
    (fp_line (start 6.58 2.22) (end 12.58 2.22) (layer F.Fab) (width 0.1))
    (fp_line (start 12.58 2.22) (end 12.58 2.86) (layer F.Fab) (width 0.1))
    (fp_line (start 6.58 2.86) (end 12.58 2.86) (layer F.Fab) (width 0.1))
    (fp_line (start -0.32 4.76) (end 4.04 4.76) (layer F.Fab) (width 0.1))
    (fp_line (start -0.32 4.76) (end -0.32 5.4) (layer F.Fab) (width 0.1))
    (fp_line (start -0.32 5.4) (end 4.04 5.4) (layer F.Fab) (width 0.1))
    (fp_line (start 6.58 4.76) (end 12.58 4.76) (layer F.Fab) (width 0.1))
    (fp_line (start 12.58 4.76) (end 12.58 5.4) (layer F.Fab) (width 0.1))
    (fp_line (start 6.58 5.4) (end 12.58 5.4) (layer F.Fab) (width 0.1))
    (fp_line (start -0.32 7.3) (end 4.04 7.3) (layer F.Fab) (width 0.1))
    (fp_line (start -0.32 7.3) (end -0.32 7.94) (layer F.Fab) (width 0.1))
    (fp_line (start -0.32 7.94) (end 4.04 7.94) (layer F.Fab) (width 0.1))
    (fp_line (start 6.58 7.3) (end 12.58 7.3) (layer F.Fab) (width 0.1))
    (fp_line (start 12.58 7.3) (end 12.58 7.94) (layer F.Fab) (width 0.1))
    (fp_line (start 6.58 7.94) (end 12.58 7.94) (layer F.Fab) (width 0.1))
    (fp_line (start -0.32 9.84) (end 4.04 9.84) (layer F.Fab) (width 0.1))
    (fp_line (start -0.32 9.84) (end -0.32 10.48) (layer F.Fab) (width 0.1))
    (fp_line (start -0.32 10.48) (end 4.04 10.48) (layer F.Fab) (width 0.1))
    (fp_line (start 6.58 9.84) (end 12.58 9.84) (layer F.Fab) (width 0.1))
    (fp_line (start 12.58 9.84) (end 12.58 10.48) (layer F.Fab) (width 0.1))
    (fp_line (start 6.58 10.48) (end 12.58 10.48) (layer F.Fab) (width 0.1))
    (fp_line (start -0.32 12.38) (end 4.04 12.38) (layer F.Fab) (width 0.1))
    (fp_line (start -0.32 12.38) (end -0.32 13.02) (layer F.Fab) (width 0.1))
    (fp_line (start -0.32 13.02) (end 4.04 13.02) (layer F.Fab) (width 0.1))
    (fp_line (start 6.58 12.38) (end 12.58 12.38) (layer F.Fab) (width 0.1))
    (fp_line (start 12.58 12.38) (end 12.58 13.02) (layer F.Fab) (width 0.1))
    (fp_line (start 6.58 13.02) (end 12.58 13.02) (layer F.Fab) (width 0.1))
    (fp_line (start -0.32 14.92) (end 4.04 14.92) (layer F.Fab) (width 0.1))
    (fp_line (start -0.32 14.92) (end -0.32 15.56) (layer F.Fab) (width 0.1))
    (fp_line (start -0.32 15.56) (end 4.04 15.56) (layer F.Fab) (width 0.1))
    (fp_line (start 6.58 14.92) (end 12.58 14.92) (layer F.Fab) (width 0.1))
    (fp_line (start 12.58 14.92) (end 12.58 15.56) (layer F.Fab) (width 0.1))
    (fp_line (start 6.58 15.56) (end 12.58 15.56) (layer F.Fab) (width 0.1))
    (fp_line (start -0.32 17.46) (end 4.04 17.46) (layer F.Fab) (width 0.1))
    (fp_line (start -0.32 17.46) (end -0.32 18.1) (layer F.Fab) (width 0.1))
    (fp_line (start -0.32 18.1) (end 4.04 18.1) (layer F.Fab) (width 0.1))
    (fp_line (start 6.58 17.46) (end 12.58 17.46) (layer F.Fab) (width 0.1))
    (fp_line (start 12.58 17.46) (end 12.58 18.1) (layer F.Fab) (width 0.1))
    (fp_line (start 6.58 18.1) (end 12.58 18.1) (layer F.Fab) (width 0.1))
    (fp_line (start -0.32 20) (end 4.04 20) (layer F.Fab) (width 0.1))
    (fp_line (start -0.32 20) (end -0.32 20.64) (layer F.Fab) (width 0.1))
    (fp_line (start -0.32 20.64) (end 4.04 20.64) (layer F.Fab) (width 0.1))
    (fp_line (start 6.58 20) (end 12.58 20) (layer F.Fab) (width 0.1))
    (fp_line (start 12.58 20) (end 12.58 20.64) (layer F.Fab) (width 0.1))
    (fp_line (start 6.58 20.64) (end 12.58 20.64) (layer F.Fab) (width 0.1))
    (fp_line (start 3.98 -1.33) (end 3.98 21.65) (layer F.SilkS) (width 0.12))
    (fp_line (start 3.98 21.65) (end 6.64 21.65) (layer F.SilkS) (width 0.12))
    (fp_line (start 6.64 21.65) (end 6.64 -1.33) (layer F.SilkS) (width 0.12))
    (fp_line (start 6.64 -1.33) (end 3.98 -1.33) (layer F.SilkS) (width 0.12))
    (fp_line (start 6.64 -0.38) (end 12.64 -0.38) (layer F.SilkS) (width 0.12))
    (fp_line (start 12.64 -0.38) (end 12.64 0.38) (layer F.SilkS) (width 0.12))
